# AFT geometry generated from EventDisp2DwithAFTKK.cc
#
# Units: mm
# fiberID assignment:
#   scan aft_de_low_cut[36][32] in increasing [plane][segment] order;
#   skip nonexistent Y/Y' segments 16..31.
# planeID:
#   -1 = unset. This field is reserved for the EASIROC plane ID and can be
#   filled manually later.
#
# Columns:
# fiberID planeID globalLayerID layerType layerIndex fiberIndex centerX centerY centerZ dirX dirY dirZ length radius
#
  0 -1  0 X  0  0 -48.268729   0.000000 351.860000 0.0 1.0 0.0 50.0 1.5
  1 -1  0 X  0  1 -45.168729   0.000000 351.860000 0.0 1.0 0.0 50.0 1.5
  2 -1  0 X  0  2 -42.068729   0.000000 351.860000 0.0 1.0 0.0 50.0 1.5
  3 -1  0 X  0  3 -38.968729   0.000000 351.860000 0.0 1.0 0.0 50.0 1.5
  4 -1  0 X  0  4 -35.868729   0.000000 351.860000 0.0 1.0 0.0 50.0 1.5
  5 -1  0 X  0  5 -32.768729   0.000000 351.860000 0.0 1.0 0.0 50.0 1.5
  6 -1  0 X  0  6 -29.668729   0.000000 351.860000 0.0 1.0 0.0 50.0 1.5
  7 -1  0 X  0  7 -26.568729   0.000000 351.860000 0.0 1.0 0.0 50.0 1.5
  8 -1  0 X  0  8 -23.468729   0.000000 351.860000 0.0 1.0 0.0 50.0 1.5
  9 -1  0 X  0  9 -20.368729   0.000000 351.860000 0.0 1.0 0.0 50.0 1.5
 10 -1  0 X  0 10 -17.268729   0.000000 351.860000 0.0 1.0 0.0 50.0 1.5
 11 -1  0 X  0 11 -14.168729   0.000000 351.860000 0.0 1.0 0.0 50.0 1.5
 12 -1  0 X  0 12 -11.068729   0.000000 351.860000 0.0 1.0 0.0 50.0 1.5
 13 -1  0 X  0 13  -7.968729   0.000000 351.860000 0.0 1.0 0.0 50.0 1.5
 14 -1  0 X  0 14  -4.868729   0.000000 351.860000 0.0 1.0 0.0 50.0 1.5
 15 -1  0 X  0 15  -1.768729   0.000000 351.860000 0.0 1.0 0.0 50.0 1.5
 16 -1  0 X  0 16   1.331271   0.000000 351.860000 0.0 1.0 0.0 50.0 1.5
 17 -1  0 X  0 17   4.431271   0.000000 351.860000 0.0 1.0 0.0 50.0 1.5
 18 -1  0 X  0 18   7.531271   0.000000 351.860000 0.0 1.0 0.0 50.0 1.5
 19 -1  0 X  0 19  10.631271   0.000000 351.860000 0.0 1.0 0.0 50.0 1.5
 20 -1  0 X  0 20  13.731271   0.000000 351.860000 0.0 1.0 0.0 50.0 1.5
 21 -1  0 X  0 21  16.831271   0.000000 351.860000 0.0 1.0 0.0 50.0 1.5
 22 -1  0 X  0 22  19.931271   0.000000 351.860000 0.0 1.0 0.0 50.0 1.5
 23 -1  0 X  0 23  23.031271   0.000000 351.860000 0.0 1.0 0.0 50.0 1.5
 24 -1  0 X  0 24  26.131271   0.000000 351.860000 0.0 1.0 0.0 50.0 1.5
 25 -1  0 X  0 25  29.231271   0.000000 351.860000 0.0 1.0 0.0 50.0 1.5
 26 -1  0 X  0 26  32.331271   0.000000 351.860000 0.0 1.0 0.0 50.0 1.5
 27 -1  0 X  0 27  35.431271   0.000000 351.860000 0.0 1.0 0.0 50.0 1.5
 28 -1  0 X  0 28  38.531271   0.000000 351.860000 0.0 1.0 0.0 50.0 1.5
 29 -1  0 X  0 29  41.631271   0.000000 351.860000 0.0 1.0 0.0 50.0 1.5
 30 -1  0 X  0 30  44.731271   0.000000 351.860000 0.0 1.0 0.0 50.0 1.5
 31 -1  0 X  0 31  47.831271   0.000000 351.860000 0.0 1.0 0.0 50.0 1.5
 32 -1  1 XP 0  0 -49.818729   0.000000 354.560000 0.0 1.0 0.0 50.0 1.5
 33 -1  1 XP 0  1 -46.718729   0.000000 354.560000 0.0 1.0 0.0 50.0 1.5
 34 -1  1 XP 0  2 -43.618729   0.000000 354.560000 0.0 1.0 0.0 50.0 1.5
 35 -1  1 XP 0  3 -40.518729   0.000000 354.560000 0.0 1.0 0.0 50.0 1.5
 36 -1  1 XP 0  4 -37.418729   0.000000 354.560000 0.0 1.0 0.0 50.0 1.5
 37 -1  1 XP 0  5 -34.318729   0.000000 354.560000 0.0 1.0 0.0 50.0 1.5
 38 -1  1 XP 0  6 -31.218729   0.000000 354.560000 0.0 1.0 0.0 50.0 1.5
 39 -1  1 XP 0  7 -28.118729   0.000000 354.560000 0.0 1.0 0.0 50.0 1.5
 40 -1  1 XP 0  8 -25.018729   0.000000 354.560000 0.0 1.0 0.0 50.0 1.5
 41 -1  1 XP 0  9 -21.918729   0.000000 354.560000 0.0 1.0 0.0 50.0 1.5
 42 -1  1 XP 0 10 -18.818729   0.000000 354.560000 0.0 1.0 0.0 50.0 1.5
 43 -1  1 XP 0 11 -15.718729   0.000000 354.560000 0.0 1.0 0.0 50.0 1.5
 44 -1  1 XP 0 12 -12.618729   0.000000 354.560000 0.0 1.0 0.0 50.0 1.5
 45 -1  1 XP 0 13  -9.518729   0.000000 354.560000 0.0 1.0 0.0 50.0 1.5
 46 -1  1 XP 0 14  -6.418729   0.000000 354.560000 0.0 1.0 0.0 50.0 1.5
 47 -1  1 XP 0 15  -3.318729   0.000000 354.560000 0.0 1.0 0.0 50.0 1.5
 48 -1  1 XP 0 16  -0.218729   0.000000 354.560000 0.0 1.0 0.0 50.0 1.5
 49 -1  1 XP 0 17   2.881271   0.000000 354.560000 0.0 1.0 0.0 50.0 1.5
 50 -1  1 XP 0 18   5.981271   0.000000 354.560000 0.0 1.0 0.0 50.0 1.5
 51 -1  1 XP 0 19   9.081271   0.000000 354.560000 0.0 1.0 0.0 50.0 1.5
 52 -1  1 XP 0 20  12.181271   0.000000 354.560000 0.0 1.0 0.0 50.0 1.5
 53 -1  1 XP 0 21  15.281271   0.000000 354.560000 0.0 1.0 0.0 50.0 1.5
 54 -1  1 XP 0 22  18.381271   0.000000 354.560000 0.0 1.0 0.0 50.0 1.5
 55 -1  1 XP 0 23  21.481271   0.000000 354.560000 0.0 1.0 0.0 50.0 1.5
 56 -1  1 XP 0 24  24.581271   0.000000 354.560000 0.0 1.0 0.0 50.0 1.5
 57 -1  1 XP 0 25  27.681271   0.000000 354.560000 0.0 1.0 0.0 50.0 1.5
 58 -1  1 XP 0 26  30.781271   0.000000 354.560000 0.0 1.0 0.0 50.0 1.5
 59 -1  1 XP 0 27  33.881271   0.000000 354.560000 0.0 1.0 0.0 50.0 1.5
 60 -1  1 XP 0 28  36.981271   0.000000 354.560000 0.0 1.0 0.0 50.0 1.5
 61 -1  1 XP 0 29  40.081271   0.000000 354.560000 0.0 1.0 0.0 50.0 1.5
 62 -1  1 XP 0 30  43.181271   0.000000 354.560000 0.0 1.0 0.0 50.0 1.5
 63 -1  1 XP 0 31  46.281271   0.000000 354.560000 0.0 1.0 0.0 50.0 1.5
 64 -1  2 Y  0  0   0.000000 -23.582233 357.660000 1.0 0.0 0.0 100.0 1.5
 65 -1  2 Y  0  1   0.000000 -20.482233 357.660000 1.0 0.0 0.0 100.0 1.5
 66 -1  2 Y  0  2   0.000000 -17.382233 357.660000 1.0 0.0 0.0 100.0 1.5
 67 -1  2 Y  0  3   0.000000 -14.282233 357.660000 1.0 0.0 0.0 100.0 1.5
 68 -1  2 Y  0  4   0.000000 -11.182233 357.660000 1.0 0.0 0.0 100.0 1.5
 69 -1  2 Y  0  5   0.000000  -8.082233 357.660000 1.0 0.0 0.0 100.0 1.5
 70 -1  2 Y  0  6   0.000000  -4.982233 357.660000 1.0 0.0 0.0 100.0 1.5
 71 -1  2 Y  0  7   0.000000  -1.882233 357.660000 1.0 0.0 0.0 100.0 1.5
 72 -1  2 Y  0  8   0.000000   1.217767 357.660000 1.0 0.0 0.0 100.0 1.5
 73 -1  2 Y  0  9   0.000000   4.317767 357.660000 1.0 0.0 0.0 100.0 1.5
 74 -1  2 Y  0 10   0.000000   7.417767 357.660000 1.0 0.0 0.0 100.0 1.5
 75 -1  2 Y  0 11   0.000000  10.517767 357.660000 1.0 0.0 0.0 100.0 1.5
 76 -1  2 Y  0 12   0.000000  13.617767 357.660000 1.0 0.0 0.0 100.0 1.5
 77 -1  2 Y  0 13   0.000000  16.717767 357.660000 1.0 0.0 0.0 100.0 1.5
 78 -1  2 Y  0 14   0.000000  19.817767 357.660000 1.0 0.0 0.0 100.0 1.5
 79 -1  2 Y  0 15   0.000000  22.917767 357.660000 1.0 0.0 0.0 100.0 1.5
 80 -1  3 YP 0  0   0.000000 -25.132233 360.360000 1.0 0.0 0.0 100.0 1.5
 81 -1  3 YP 0  1   0.000000 -22.032233 360.360000 1.0 0.0 0.0 100.0 1.5
 82 -1  3 YP 0  2   0.000000 -18.932233 360.360000 1.0 0.0 0.0 100.0 1.5
 83 -1  3 YP 0  3   0.000000 -15.832233 360.360000 1.0 0.0 0.0 100.0 1.5
 84 -1  3 YP 0  4   0.000000 -12.732233 360.360000 1.0 0.0 0.0 100.0 1.5
 85 -1  3 YP 0  5   0.000000  -9.632233 360.360000 1.0 0.0 0.0 100.0 1.5
 86 -1  3 YP 0  6   0.000000  -6.532233 360.360000 1.0 0.0 0.0 100.0 1.5
 87 -1  3 YP 0  7   0.000000  -3.432233 360.360000 1.0 0.0 0.0 100.0 1.5
 88 -1  3 YP 0  8   0.000000  -0.332233 360.360000 1.0 0.0 0.0 100.0 1.5
 89 -1  3 YP 0  9   0.000000   2.767767 360.360000 1.0 0.0 0.0 100.0 1.5
 90 -1  3 YP 0 10   0.000000   5.867767 360.360000 1.0 0.0 0.0 100.0 1.5
 91 -1  3 YP 0 11   0.000000   8.967767 360.360000 1.0 0.0 0.0 100.0 1.5
 92 -1  3 YP 0 12   0.000000  12.067767 360.360000 1.0 0.0 0.0 100.0 1.5
 93 -1  3 YP 0 13   0.000000  15.167767 360.360000 1.0 0.0 0.0 100.0 1.5
 94 -1  3 YP 0 14   0.000000  18.267767 360.360000 1.0 0.0 0.0 100.0 1.5
 95 -1  3 YP 0 15   0.000000  21.367767 360.360000 1.0 0.0 0.0 100.0 1.5
 96 -1  4 X  1  0 -48.268729   0.000000 363.460000 0.0 1.0 0.0 50.0 1.5
 97 -1  4 X  1  1 -45.168729   0.000000 363.460000 0.0 1.0 0.0 50.0 1.5
 98 -1  4 X  1  2 -42.068729   0.000000 363.460000 0.0 1.0 0.0 50.0 1.5
 99 -1  4 X  1  3 -38.968729   0.000000 363.460000 0.0 1.0 0.0 50.0 1.5
100 -1  4 X  1  4 -35.868729   0.000000 363.460000 0.0 1.0 0.0 50.0 1.5
101 -1  4 X  1  5 -32.768729   0.000000 363.460000 0.0 1.0 0.0 50.0 1.5
102 -1  4 X  1  6 -29.668729   0.000000 363.460000 0.0 1.0 0.0 50.0 1.5
103 -1  4 X  1  7 -26.568729   0.000000 363.460000 0.0 1.0 0.0 50.0 1.5
104 -1  4 X  1  8 -23.468729   0.000000 363.460000 0.0 1.0 0.0 50.0 1.5
105 -1  4 X  1  9 -20.368729   0.000000 363.460000 0.0 1.0 0.0 50.0 1.5
106 -1  4 X  1 10 -17.268729   0.000000 363.460000 0.0 1.0 0.0 50.0 1.5
107 -1  4 X  1 11 -14.168729   0.000000 363.460000 0.0 1.0 0.0 50.0 1.5
108 -1  4 X  1 12 -11.068729   0.000000 363.460000 0.0 1.0 0.0 50.0 1.5
109 -1  4 X  1 13  -7.968729   0.000000 363.460000 0.0 1.0 0.0 50.0 1.5
110 -1  4 X  1 14  -4.868729   0.000000 363.460000 0.0 1.0 0.0 50.0 1.5
111 -1  4 X  1 15  -1.768729   0.000000 363.460000 0.0 1.0 0.0 50.0 1.5
112 -1  4 X  1 16   1.331271   0.000000 363.460000 0.0 1.0 0.0 50.0 1.5
113 -1  4 X  1 17   4.431271   0.000000 363.460000 0.0 1.0 0.0 50.0 1.5
114 -1  4 X  1 18   7.531271   0.000000 363.460000 0.0 1.0 0.0 50.0 1.5
115 -1  4 X  1 19  10.631271   0.000000 363.460000 0.0 1.0 0.0 50.0 1.5
116 -1  4 X  1 20  13.731271   0.000000 363.460000 0.0 1.0 0.0 50.0 1.5
117 -1  4 X  1 21  16.831271   0.000000 363.460000 0.0 1.0 0.0 50.0 1.5
118 -1  4 X  1 22  19.931271   0.000000 363.460000 0.0 1.0 0.0 50.0 1.5
119 -1  4 X  1 23  23.031271   0.000000 363.460000 0.0 1.0 0.0 50.0 1.5
120 -1  4 X  1 24  26.131271   0.000000 363.460000 0.0 1.0 0.0 50.0 1.5
121 -1  4 X  1 25  29.231271   0.000000 363.460000 0.0 1.0 0.0 50.0 1.5
122 -1  4 X  1 26  32.331271   0.000000 363.460000 0.0 1.0 0.0 50.0 1.5
123 -1  4 X  1 27  35.431271   0.000000 363.460000 0.0 1.0 0.0 50.0 1.5
124 -1  4 X  1 28  38.531271   0.000000 363.460000 0.0 1.0 0.0 50.0 1.5
125 -1  4 X  1 29  41.631271   0.000000 363.460000 0.0 1.0 0.0 50.0 1.5
126 -1  4 X  1 30  44.731271   0.000000 363.460000 0.0 1.0 0.0 50.0 1.5
127 -1  4 X  1 31  47.831271   0.000000 363.460000 0.0 1.0 0.0 50.0 1.5
128 -1  5 XP 1  0 -49.818729   0.000000 366.160000 0.0 1.0 0.0 50.0 1.5
129 -1  5 XP 1  1 -46.718729   0.000000 366.160000 0.0 1.0 0.0 50.0 1.5
130 -1  5 XP 1  2 -43.618729   0.000000 366.160000 0.0 1.0 0.0 50.0 1.5
131 -1  5 XP 1  3 -40.518729   0.000000 366.160000 0.0 1.0 0.0 50.0 1.5
132 -1  5 XP 1  4 -37.418729   0.000000 366.160000 0.0 1.0 0.0 50.0 1.5
133 -1  5 XP 1  5 -34.318729   0.000000 366.160000 0.0 1.0 0.0 50.0 1.5
134 -1  5 XP 1  6 -31.218729   0.000000 366.160000 0.0 1.0 0.0 50.0 1.5
135 -1  5 XP 1  7 -28.118729   0.000000 366.160000 0.0 1.0 0.0 50.0 1.5
136 -1  5 XP 1  8 -25.018729   0.000000 366.160000 0.0 1.0 0.0 50.0 1.5
137 -1  5 XP 1  9 -21.918729   0.000000 366.160000 0.0 1.0 0.0 50.0 1.5
138 -1  5 XP 1 10 -18.818729   0.000000 366.160000 0.0 1.0 0.0 50.0 1.5
139 -1  5 XP 1 11 -15.718729   0.000000 366.160000 0.0 1.0 0.0 50.0 1.5
140 -1  5 XP 1 12 -12.618729   0.000000 366.160000 0.0 1.0 0.0 50.0 1.5
141 -1  5 XP 1 13  -9.518729   0.000000 366.160000 0.0 1.0 0.0 50.0 1.5
142 -1  5 XP 1 14  -6.418729   0.000000 366.160000 0.0 1.0 0.0 50.0 1.5
143 -1  5 XP 1 15  -3.318729   0.000000 366.160000 0.0 1.0 0.0 50.0 1.5
144 -1  5 XP 1 16  -0.218729   0.000000 366.160000 0.0 1.0 0.0 50.0 1.5
145 -1  5 XP 1 17   2.881271   0.000000 366.160000 0.0 1.0 0.0 50.0 1.5
146 -1  5 XP 1 18   5.981271   0.000000 366.160000 0.0 1.0 0.0 50.0 1.5
147 -1  5 XP 1 19   9.081271   0.000000 366.160000 0.0 1.0 0.0 50.0 1.5
148 -1  5 XP 1 20  12.181271   0.000000 366.160000 0.0 1.0 0.0 50.0 1.5
149 -1  5 XP 1 21  15.281271   0.000000 366.160000 0.0 1.0 0.0 50.0 1.5
150 -1  5 XP 1 22  18.381271   0.000000 366.160000 0.0 1.0 0.0 50.0 1.5
151 -1  5 XP 1 23  21.481271   0.000000 366.160000 0.0 1.0 0.0 50.0 1.5
152 -1  5 XP 1 24  24.581271   0.000000 366.160000 0.0 1.0 0.0 50.0 1.5
153 -1  5 XP 1 25  27.681271   0.000000 366.160000 0.0 1.0 0.0 50.0 1.5
154 -1  5 XP 1 26  30.781271   0.000000 366.160000 0.0 1.0 0.0 50.0 1.5
155 -1  5 XP 1 27  33.881271   0.000000 366.160000 0.0 1.0 0.0 50.0 1.5
156 -1  5 XP 1 28  36.981271   0.000000 366.160000 0.0 1.0 0.0 50.0 1.5
157 -1  5 XP 1 29  40.081271   0.000000 366.160000 0.0 1.0 0.0 50.0 1.5
158 -1  5 XP 1 30  43.181271   0.000000 366.160000 0.0 1.0 0.0 50.0 1.5
159 -1  5 XP 1 31  46.281271   0.000000 366.160000 0.0 1.0 0.0 50.0 1.5
160 -1  6 Y  1  0   0.000000 -23.582233 369.260000 1.0 0.0 0.0 100.0 1.5
161 -1  6 Y  1  1   0.000000 -20.482233 369.260000 1.0 0.0 0.0 100.0 1.5
162 -1  6 Y  1  2   0.000000 -17.382233 369.260000 1.0 0.0 0.0 100.0 1.5
163 -1  6 Y  1  3   0.000000 -14.282233 369.260000 1.0 0.0 0.0 100.0 1.5
164 -1  6 Y  1  4   0.000000 -11.182233 369.260000 1.0 0.0 0.0 100.0 1.5
165 -1  6 Y  1  5   0.000000  -8.082233 369.260000 1.0 0.0 0.0 100.0 1.5
166 -1  6 Y  1  6   0.000000  -4.982233 369.260000 1.0 0.0 0.0 100.0 1.5
167 -1  6 Y  1  7   0.000000  -1.882233 369.260000 1.0 0.0 0.0 100.0 1.5
168 -1  6 Y  1  8   0.000000   1.217767 369.260000 1.0 0.0 0.0 100.0 1.5
169 -1  6 Y  1  9   0.000000   4.317767 369.260000 1.0 0.0 0.0 100.0 1.5
170 -1  6 Y  1 10   0.000000   7.417767 369.260000 1.0 0.0 0.0 100.0 1.5
171 -1  6 Y  1 11   0.000000  10.517767 369.260000 1.0 0.0 0.0 100.0 1.5
172 -1  6 Y  1 12   0.000000  13.617767 369.260000 1.0 0.0 0.0 100.0 1.5
173 -1  6 Y  1 13   0.000000  16.717767 369.260000 1.0 0.0 0.0 100.0 1.5
174 -1  6 Y  1 14   0.000000  19.817767 369.260000 1.0 0.0 0.0 100.0 1.5
175 -1  6 Y  1 15   0.000000  22.917767 369.260000 1.0 0.0 0.0 100.0 1.5
176 -1  7 YP 1  0   0.000000 -25.132233 371.960000 1.0 0.0 0.0 100.0 1.5
177 -1  7 YP 1  1   0.000000 -22.032233 371.960000 1.0 0.0 0.0 100.0 1.5
178 -1  7 YP 1  2   0.000000 -18.932233 371.960000 1.0 0.0 0.0 100.0 1.5
179 -1  7 YP 1  3   0.000000 -15.832233 371.960000 1.0 0.0 0.0 100.0 1.5
180 -1  7 YP 1  4   0.000000 -12.732233 371.960000 1.0 0.0 0.0 100.0 1.5
181 -1  7 YP 1  5   0.000000  -9.632233 371.960000 1.0 0.0 0.0 100.0 1.5
182 -1  7 YP 1  6   0.000000  -6.532233 371.960000 1.0 0.0 0.0 100.0 1.5
183 -1  7 YP 1  7   0.000000  -3.432233 371.960000 1.0 0.0 0.0 100.0 1.5
184 -1  7 YP 1  8   0.000000  -0.332233 371.960000 1.0 0.0 0.0 100.0 1.5
185 -1  7 YP 1  9   0.000000   2.767767 371.960000 1.0 0.0 0.0 100.0 1.5
186 -1  7 YP 1 10   0.000000   5.867767 371.960000 1.0 0.0 0.0 100.0 1.5
187 -1  7 YP 1 11   0.000000   8.967767 371.960000 1.0 0.0 0.0 100.0 1.5
188 -1  7 YP 1 12   0.000000  12.067767 371.960000 1.0 0.0 0.0 100.0 1.5
189 -1  7 YP 1 13   0.000000  15.167767 371.960000 1.0 0.0 0.0 100.0 1.5
190 -1  7 YP 1 14   0.000000  18.267767 371.960000 1.0 0.0 0.0 100.0 1.5
191 -1  7 YP 1 15   0.000000  21.367767 371.960000 1.0 0.0 0.0 100.0 1.5
192 -1  8 X  2  0 -48.268729   0.000000 375.060000 0.0 1.0 0.0 50.0 1.5
193 -1  8 X  2  1 -45.168729   0.000000 375.060000 0.0 1.0 0.0 50.0 1.5
194 -1  8 X  2  2 -42.068729   0.000000 375.060000 0.0 1.0 0.0 50.0 1.5
195 -1  8 X  2  3 -38.968729   0.000000 375.060000 0.0 1.0 0.0 50.0 1.5
196 -1  8 X  2  4 -35.868729   0.000000 375.060000 0.0 1.0 0.0 50.0 1.5
197 -1  8 X  2  5 -32.768729   0.000000 375.060000 0.0 1.0 0.0 50.0 1.5
198 -1  8 X  2  6 -29.668729   0.000000 375.060000 0.0 1.0 0.0 50.0 1.5
199 -1  8 X  2  7 -26.568729   0.000000 375.060000 0.0 1.0 0.0 50.0 1.5
200 -1  8 X  2  8 -23.468729   0.000000 375.060000 0.0 1.0 0.0 50.0 1.5
201 -1  8 X  2  9 -20.368729   0.000000 375.060000 0.0 1.0 0.0 50.0 1.5
202 -1  8 X  2 10 -17.268729   0.000000 375.060000 0.0 1.0 0.0 50.0 1.5
203 -1  8 X  2 11 -14.168729   0.000000 375.060000 0.0 1.0 0.0 50.0 1.5
204 -1  8 X  2 12 -11.068729   0.000000 375.060000 0.0 1.0 0.0 50.0 1.5
205 -1  8 X  2 13  -7.968729   0.000000 375.060000 0.0 1.0 0.0 50.0 1.5
206 -1  8 X  2 14  -4.868729   0.000000 375.060000 0.0 1.0 0.0 50.0 1.5
207 -1  8 X  2 15  -1.768729   0.000000 375.060000 0.0 1.0 0.0 50.0 1.5
208 -1  8 X  2 16   1.331271   0.000000 375.060000 0.0 1.0 0.0 50.0 1.5
209 -1  8 X  2 17   4.431271   0.000000 375.060000 0.0 1.0 0.0 50.0 1.5
210 -1  8 X  2 18   7.531271   0.000000 375.060000 0.0 1.0 0.0 50.0 1.5
211 -1  8 X  2 19  10.631271   0.000000 375.060000 0.0 1.0 0.0 50.0 1.5
212 -1  8 X  2 20  13.731271   0.000000 375.060000 0.0 1.0 0.0 50.0 1.5
213 -1  8 X  2 21  16.831271   0.000000 375.060000 0.0 1.0 0.0 50.0 1.5
214 -1  8 X  2 22  19.931271   0.000000 375.060000 0.0 1.0 0.0 50.0 1.5
215 -1  8 X  2 23  23.031271   0.000000 375.060000 0.0 1.0 0.0 50.0 1.5
216 -1  8 X  2 24  26.131271   0.000000 375.060000 0.0 1.0 0.0 50.0 1.5
217 -1  8 X  2 25  29.231271   0.000000 375.060000 0.0 1.0 0.0 50.0 1.5
218 -1  8 X  2 26  32.331271   0.000000 375.060000 0.0 1.0 0.0 50.0 1.5
219 -1  8 X  2 27  35.431271   0.000000 375.060000 0.0 1.0 0.0 50.0 1.5
220 -1  8 X  2 28  38.531271   0.000000 375.060000 0.0 1.0 0.0 50.0 1.5
221 -1  8 X  2 29  41.631271   0.000000 375.060000 0.0 1.0 0.0 50.0 1.5
222 -1  8 X  2 30  44.731271   0.000000 375.060000 0.0 1.0 0.0 50.0 1.5
223 -1  8 X  2 31  47.831271   0.000000 375.060000 0.0 1.0 0.0 50.0 1.5
224 -1  9 XP 2  0 -49.818729   0.000000 377.760000 0.0 1.0 0.0 50.0 1.5
225 -1  9 XP 2  1 -46.718729   0.000000 377.760000 0.0 1.0 0.0 50.0 1.5
226 -1  9 XP 2  2 -43.618729   0.000000 377.760000 0.0 1.0 0.0 50.0 1.5
227 -1  9 XP 2  3 -40.518729   0.000000 377.760000 0.0 1.0 0.0 50.0 1.5
228 -1  9 XP 2  4 -37.418729   0.000000 377.760000 0.0 1.0 0.0 50.0 1.5
229 -1  9 XP 2  5 -34.318729   0.000000 377.760000 0.0 1.0 0.0 50.0 1.5
230 -1  9 XP 2  6 -31.218729   0.000000 377.760000 0.0 1.0 0.0 50.0 1.5
231 -1  9 XP 2  7 -28.118729   0.000000 377.760000 0.0 1.0 0.0 50.0 1.5
232 -1  9 XP 2  8 -25.018729   0.000000 377.760000 0.0 1.0 0.0 50.0 1.5
233 -1  9 XP 2  9 -21.918729   0.000000 377.760000 0.0 1.0 0.0 50.0 1.5
234 -1  9 XP 2 10 -18.818729   0.000000 377.760000 0.0 1.0 0.0 50.0 1.5
235 -1  9 XP 2 11 -15.718729   0.000000 377.760000 0.0 1.0 0.0 50.0 1.5
236 -1  9 XP 2 12 -12.618729   0.000000 377.760000 0.0 1.0 0.0 50.0 1.5
237 -1  9 XP 2 13  -9.518729   0.000000 377.760000 0.0 1.0 0.0 50.0 1.5
238 -1  9 XP 2 14  -6.418729   0.000000 377.760000 0.0 1.0 0.0 50.0 1.5
239 -1  9 XP 2 15  -3.318729   0.000000 377.760000 0.0 1.0 0.0 50.0 1.5
240 -1  9 XP 2 16  -0.218729   0.000000 377.760000 0.0 1.0 0.0 50.0 1.5
241 -1  9 XP 2 17   2.881271   0.000000 377.760000 0.0 1.0 0.0 50.0 1.5
242 -1  9 XP 2 18   5.981271   0.000000 377.760000 0.0 1.0 0.0 50.0 1.5
243 -1  9 XP 2 19   9.081271   0.000000 377.760000 0.0 1.0 0.0 50.0 1.5
244 -1  9 XP 2 20  12.181271   0.000000 377.760000 0.0 1.0 0.0 50.0 1.5
245 -1  9 XP 2 21  15.281271   0.000000 377.760000 0.0 1.0 0.0 50.0 1.5
246 -1  9 XP 2 22  18.381271   0.000000 377.760000 0.0 1.0 0.0 50.0 1.5
247 -1  9 XP 2 23  21.481271   0.000000 377.760000 0.0 1.0 0.0 50.0 1.5
248 -1  9 XP 2 24  24.581271   0.000000 377.760000 0.0 1.0 0.0 50.0 1.5
249 -1  9 XP 2 25  27.681271   0.000000 377.760000 0.0 1.0 0.0 50.0 1.5
250 -1  9 XP 2 26  30.781271   0.000000 377.760000 0.0 1.0 0.0 50.0 1.5
251 -1  9 XP 2 27  33.881271   0.000000 377.760000 0.0 1.0 0.0 50.0 1.5
252 -1  9 XP 2 28  36.981271   0.000000 377.760000 0.0 1.0 0.0 50.0 1.5
253 -1  9 XP 2 29  40.081271   0.000000 377.760000 0.0 1.0 0.0 50.0 1.5
254 -1  9 XP 2 30  43.181271   0.000000 377.760000 0.0 1.0 0.0 50.0 1.5
255 -1  9 XP 2 31  46.281271   0.000000 377.760000 0.0 1.0 0.0 50.0 1.5
256 -1 10 Y  2  0   0.000000 -23.582233 380.860000 1.0 0.0 0.0 100.0 1.5
257 -1 10 Y  2  1   0.000000 -20.482233 380.860000 1.0 0.0 0.0 100.0 1.5
258 -1 10 Y  2  2   0.000000 -17.382233 380.860000 1.0 0.0 0.0 100.0 1.5
259 -1 10 Y  2  3   0.000000 -14.282233 380.860000 1.0 0.0 0.0 100.0 1.5
260 -1 10 Y  2  4   0.000000 -11.182233 380.860000 1.0 0.0 0.0 100.0 1.5
261 -1 10 Y  2  5   0.000000  -8.082233 380.860000 1.0 0.0 0.0 100.0 1.5
262 -1 10 Y  2  6   0.000000  -4.982233 380.860000 1.0 0.0 0.0 100.0 1.5
263 -1 10 Y  2  7   0.000000  -1.882233 380.860000 1.0 0.0 0.0 100.0 1.5
264 -1 10 Y  2  8   0.000000   1.217767 380.860000 1.0 0.0 0.0 100.0 1.5
265 -1 10 Y  2  9   0.000000   4.317767 380.860000 1.0 0.0 0.0 100.0 1.5
266 -1 10 Y  2 10   0.000000   7.417767 380.860000 1.0 0.0 0.0 100.0 1.5
267 -1 10 Y  2 11   0.000000  10.517767 380.860000 1.0 0.0 0.0 100.0 1.5
268 -1 10 Y  2 12   0.000000  13.617767 380.860000 1.0 0.0 0.0 100.0 1.5
269 -1 10 Y  2 13   0.000000  16.717767 380.860000 1.0 0.0 0.0 100.0 1.5
270 -1 10 Y  2 14   0.000000  19.817767 380.860000 1.0 0.0 0.0 100.0 1.5
271 -1 10 Y  2 15   0.000000  22.917767 380.860000 1.0 0.0 0.0 100.0 1.5
272 -1 11 YP 2  0   0.000000 -25.132233 383.560000 1.0 0.0 0.0 100.0 1.5
273 -1 11 YP 2  1   0.000000 -22.032233 383.560000 1.0 0.0 0.0 100.0 1.5
274 -1 11 YP 2  2   0.000000 -18.932233 383.560000 1.0 0.0 0.0 100.0 1.5
275 -1 11 YP 2  3   0.000000 -15.832233 383.560000 1.0 0.0 0.0 100.0 1.5
276 -1 11 YP 2  4   0.000000 -12.732233 383.560000 1.0 0.0 0.0 100.0 1.5
277 -1 11 YP 2  5   0.000000  -9.632233 383.560000 1.0 0.0 0.0 100.0 1.5
278 -1 11 YP 2  6   0.000000  -6.532233 383.560000 1.0 0.0 0.0 100.0 1.5
279 -1 11 YP 2  7   0.000000  -3.432233 383.560000 1.0 0.0 0.0 100.0 1.5
280 -1 11 YP 2  8   0.000000  -0.332233 383.560000 1.0 0.0 0.0 100.0 1.5
281 -1 11 YP 2  9   0.000000   2.767767 383.560000 1.0 0.0 0.0 100.0 1.5
282 -1 11 YP 2 10   0.000000   5.867767 383.560000 1.0 0.0 0.0 100.0 1.5
283 -1 11 YP 2 11   0.000000   8.967767 383.560000 1.0 0.0 0.0 100.0 1.5
284 -1 11 YP 2 12   0.000000  12.067767 383.560000 1.0 0.0 0.0 100.0 1.5
285 -1 11 YP 2 13   0.000000  15.167767 383.560000 1.0 0.0 0.0 100.0 1.5
286 -1 11 YP 2 14   0.000000  18.267767 383.560000 1.0 0.0 0.0 100.0 1.5
287 -1 11 YP 2 15   0.000000  21.367767 383.560000 1.0 0.0 0.0 100.0 1.5
288 -1 12 X  3  0 -48.268729   0.000000 386.660000 0.0 1.0 0.0 50.0 1.5
289 -1 12 X  3  1 -45.168729   0.000000 386.660000 0.0 1.0 0.0 50.0 1.5
290 -1 12 X  3  2 -42.068729   0.000000 386.660000 0.0 1.0 0.0 50.0 1.5
291 -1 12 X  3  3 -38.968729   0.000000 386.660000 0.0 1.0 0.0 50.0 1.5
292 -1 12 X  3  4 -35.868729   0.000000 386.660000 0.0 1.0 0.0 50.0 1.5
293 -1 12 X  3  5 -32.768729   0.000000 386.660000 0.0 1.0 0.0 50.0 1.5
294 -1 12 X  3  6 -29.668729   0.000000 386.660000 0.0 1.0 0.0 50.0 1.5
295 -1 12 X  3  7 -26.568729   0.000000 386.660000 0.0 1.0 0.0 50.0 1.5
296 -1 12 X  3  8 -23.468729   0.000000 386.660000 0.0 1.0 0.0 50.0 1.5
297 -1 12 X  3  9 -20.368729   0.000000 386.660000 0.0 1.0 0.0 50.0 1.5
298 -1 12 X  3 10 -17.268729   0.000000 386.660000 0.0 1.0 0.0 50.0 1.5
299 -1 12 X  3 11 -14.168729   0.000000 386.660000 0.0 1.0 0.0 50.0 1.5
300 -1 12 X  3 12 -11.068729   0.000000 386.660000 0.0 1.0 0.0 50.0 1.5
301 -1 12 X  3 13  -7.968729   0.000000 386.660000 0.0 1.0 0.0 50.0 1.5
302 -1 12 X  3 14  -4.868729   0.000000 386.660000 0.0 1.0 0.0 50.0 1.5
303 -1 12 X  3 15  -1.768729   0.000000 386.660000 0.0 1.0 0.0 50.0 1.5
304 -1 12 X  3 16   1.331271   0.000000 386.660000 0.0 1.0 0.0 50.0 1.5
305 -1 12 X  3 17   4.431271   0.000000 386.660000 0.0 1.0 0.0 50.0 1.5
306 -1 12 X  3 18   7.531271   0.000000 386.660000 0.0 1.0 0.0 50.0 1.5
307 -1 12 X  3 19  10.631271   0.000000 386.660000 0.0 1.0 0.0 50.0 1.5
308 -1 12 X  3 20  13.731271   0.000000 386.660000 0.0 1.0 0.0 50.0 1.5
309 -1 12 X  3 21  16.831271   0.000000 386.660000 0.0 1.0 0.0 50.0 1.5
310 -1 12 X  3 22  19.931271   0.000000 386.660000 0.0 1.0 0.0 50.0 1.5
311 -1 12 X  3 23  23.031271   0.000000 386.660000 0.0 1.0 0.0 50.0 1.5
312 -1 12 X  3 24  26.131271   0.000000 386.660000 0.0 1.0 0.0 50.0 1.5
313 -1 12 X  3 25  29.231271   0.000000 386.660000 0.0 1.0 0.0 50.0 1.5
314 -1 12 X  3 26  32.331271   0.000000 386.660000 0.0 1.0 0.0 50.0 1.5
315 -1 12 X  3 27  35.431271   0.000000 386.660000 0.0 1.0 0.0 50.0 1.5
316 -1 12 X  3 28  38.531271   0.000000 386.660000 0.0 1.0 0.0 50.0 1.5
317 -1 12 X  3 29  41.631271   0.000000 386.660000 0.0 1.0 0.0 50.0 1.5
318 -1 12 X  3 30  44.731271   0.000000 386.660000 0.0 1.0 0.0 50.0 1.5
319 -1 12 X  3 31  47.831271   0.000000 386.660000 0.0 1.0 0.0 50.0 1.5
320 -1 13 XP 3  0 -49.818729   0.000000 389.360000 0.0 1.0 0.0 50.0 1.5
321 -1 13 XP 3  1 -46.718729   0.000000 389.360000 0.0 1.0 0.0 50.0 1.5
322 -1 13 XP 3  2 -43.618729   0.000000 389.360000 0.0 1.0 0.0 50.0 1.5
323 -1 13 XP 3  3 -40.518729   0.000000 389.360000 0.0 1.0 0.0 50.0 1.5
324 -1 13 XP 3  4 -37.418729   0.000000 389.360000 0.0 1.0 0.0 50.0 1.5
325 -1 13 XP 3  5 -34.318729   0.000000 389.360000 0.0 1.0 0.0 50.0 1.5
326 -1 13 XP 3  6 -31.218729   0.000000 389.360000 0.0 1.0 0.0 50.0 1.5
327 -1 13 XP 3  7 -28.118729   0.000000 389.360000 0.0 1.0 0.0 50.0 1.5
328 -1 13 XP 3  8 -25.018729   0.000000 389.360000 0.0 1.0 0.0 50.0 1.5
329 -1 13 XP 3  9 -21.918729   0.000000 389.360000 0.0 1.0 0.0 50.0 1.5
330 -1 13 XP 3 10 -18.818729   0.000000 389.360000 0.0 1.0 0.0 50.0 1.5
331 -1 13 XP 3 11 -15.718729   0.000000 389.360000 0.0 1.0 0.0 50.0 1.5
332 -1 13 XP 3 12 -12.618729   0.000000 389.360000 0.0 1.0 0.0 50.0 1.5
333 -1 13 XP 3 13  -9.518729   0.000000 389.360000 0.0 1.0 0.0 50.0 1.5
334 -1 13 XP 3 14  -6.418729   0.000000 389.360000 0.0 1.0 0.0 50.0 1.5
335 -1 13 XP 3 15  -3.318729   0.000000 389.360000 0.0 1.0 0.0 50.0 1.5
336 -1 13 XP 3 16  -0.218729   0.000000 389.360000 0.0 1.0 0.0 50.0 1.5
337 -1 13 XP 3 17   2.881271   0.000000 389.360000 0.0 1.0 0.0 50.0 1.5
338 -1 13 XP 3 18   5.981271   0.000000 389.360000 0.0 1.0 0.0 50.0 1.5
339 -1 13 XP 3 19   9.081271   0.000000 389.360000 0.0 1.0 0.0 50.0 1.5
340 -1 13 XP 3 20  12.181271   0.000000 389.360000 0.0 1.0 0.0 50.0 1.5
341 -1 13 XP 3 21  15.281271   0.000000 389.360000 0.0 1.0 0.0 50.0 1.5
342 -1 13 XP 3 22  18.381271   0.000000 389.360000 0.0 1.0 0.0 50.0 1.5
343 -1 13 XP 3 23  21.481271   0.000000 389.360000 0.0 1.0 0.0 50.0 1.5
344 -1 13 XP 3 24  24.581271   0.000000 389.360000 0.0 1.0 0.0 50.0 1.5
345 -1 13 XP 3 25  27.681271   0.000000 389.360000 0.0 1.0 0.0 50.0 1.5
346 -1 13 XP 3 26  30.781271   0.000000 389.360000 0.0 1.0 0.0 50.0 1.5
347 -1 13 XP 3 27  33.881271   0.000000 389.360000 0.0 1.0 0.0 50.0 1.5
348 -1 13 XP 3 28  36.981271   0.000000 389.360000 0.0 1.0 0.0 50.0 1.5
349 -1 13 XP 3 29  40.081271   0.000000 389.360000 0.0 1.0 0.0 50.0 1.5
350 -1 13 XP 3 30  43.181271   0.000000 389.360000 0.0 1.0 0.0 50.0 1.5
351 -1 13 XP 3 31  46.281271   0.000000 389.360000 0.0 1.0 0.0 50.0 1.5
352 -1 14 Y  3  0   0.000000 -23.582233 392.460000 1.0 0.0 0.0 100.0 1.5
353 -1 14 Y  3  1   0.000000 -20.482233 392.460000 1.0 0.0 0.0 100.0 1.5
354 -1 14 Y  3  2   0.000000 -17.382233 392.460000 1.0 0.0 0.0 100.0 1.5
355 -1 14 Y  3  3   0.000000 -14.282233 392.460000 1.0 0.0 0.0 100.0 1.5
356 -1 14 Y  3  4   0.000000 -11.182233 392.460000 1.0 0.0 0.0 100.0 1.5
357 -1 14 Y  3  5   0.000000  -8.082233 392.460000 1.0 0.0 0.0 100.0 1.5
358 -1 14 Y  3  6   0.000000  -4.982233 392.460000 1.0 0.0 0.0 100.0 1.5
359 -1 14 Y  3  7   0.000000  -1.882233 392.460000 1.0 0.0 0.0 100.0 1.5
360 -1 14 Y  3  8   0.000000   1.217767 392.460000 1.0 0.0 0.0 100.0 1.5
361 -1 14 Y  3  9   0.000000   4.317767 392.460000 1.0 0.0 0.0 100.0 1.5
362 -1 14 Y  3 10   0.000000   7.417767 392.460000 1.0 0.0 0.0 100.0 1.5
363 -1 14 Y  3 11   0.000000  10.517767 392.460000 1.0 0.0 0.0 100.0 1.5
364 -1 14 Y  3 12   0.000000  13.617767 392.460000 1.0 0.0 0.0 100.0 1.5
365 -1 14 Y  3 13   0.000000  16.717767 392.460000 1.0 0.0 0.0 100.0 1.5
366 -1 14 Y  3 14   0.000000  19.817767 392.460000 1.0 0.0 0.0 100.0 1.5
367 -1 14 Y  3 15   0.000000  22.917767 392.460000 1.0 0.0 0.0 100.0 1.5
368 -1 15 YP 3  0   0.000000 -25.132233 395.160000 1.0 0.0 0.0 100.0 1.5
369 -1 15 YP 3  1   0.000000 -22.032233 395.160000 1.0 0.0 0.0 100.0 1.5
370 -1 15 YP 3  2   0.000000 -18.932233 395.160000 1.0 0.0 0.0 100.0 1.5
371 -1 15 YP 3  3   0.000000 -15.832233 395.160000 1.0 0.0 0.0 100.0 1.5
372 -1 15 YP 3  4   0.000000 -12.732233 395.160000 1.0 0.0 0.0 100.0 1.5
373 -1 15 YP 3  5   0.000000  -9.632233 395.160000 1.0 0.0 0.0 100.0 1.5
374 -1 15 YP 3  6   0.000000  -6.532233 395.160000 1.0 0.0 0.0 100.0 1.5
375 -1 15 YP 3  7   0.000000  -3.432233 395.160000 1.0 0.0 0.0 100.0 1.5
376 -1 15 YP 3  8   0.000000  -0.332233 395.160000 1.0 0.0 0.0 100.0 1.5
377 -1 15 YP 3  9   0.000000   2.767767 395.160000 1.0 0.0 0.0 100.0 1.5
378 -1 15 YP 3 10   0.000000   5.867767 395.160000 1.0 0.0 0.0 100.0 1.5
379 -1 15 YP 3 11   0.000000   8.967767 395.160000 1.0 0.0 0.0 100.0 1.5
380 -1 15 YP 3 12   0.000000  12.067767 395.160000 1.0 0.0 0.0 100.0 1.5
381 -1 15 YP 3 13   0.000000  15.167767 395.160000 1.0 0.0 0.0 100.0 1.5
382 -1 15 YP 3 14   0.000000  18.267767 395.160000 1.0 0.0 0.0 100.0 1.5
383 -1 15 YP 3 15   0.000000  21.367767 395.160000 1.0 0.0 0.0 100.0 1.5
384 -1 16 X  4  0 -48.268729   0.000000 398.260000 0.0 1.0 0.0 50.0 1.5
385 -1 16 X  4  1 -45.168729   0.000000 398.260000 0.0 1.0 0.0 50.0 1.5
386 -1 16 X  4  2 -42.068729   0.000000 398.260000 0.0 1.0 0.0 50.0 1.5
387 -1 16 X  4  3 -38.968729   0.000000 398.260000 0.0 1.0 0.0 50.0 1.5
388 -1 16 X  4  4 -35.868729   0.000000 398.260000 0.0 1.0 0.0 50.0 1.5
389 -1 16 X  4  5 -32.768729   0.000000 398.260000 0.0 1.0 0.0 50.0 1.5
390 -1 16 X  4  6 -29.668729   0.000000 398.260000 0.0 1.0 0.0 50.0 1.5
391 -1 16 X  4  7 -26.568729   0.000000 398.260000 0.0 1.0 0.0 50.0 1.5
392 -1 16 X  4  8 -23.468729   0.000000 398.260000 0.0 1.0 0.0 50.0 1.5
393 -1 16 X  4  9 -20.368729   0.000000 398.260000 0.0 1.0 0.0 50.0 1.5
394 -1 16 X  4 10 -17.268729   0.000000 398.260000 0.0 1.0 0.0 50.0 1.5
395 -1 16 X  4 11 -14.168729   0.000000 398.260000 0.0 1.0 0.0 50.0 1.5
396 -1 16 X  4 12 -11.068729   0.000000 398.260000 0.0 1.0 0.0 50.0 1.5
397 -1 16 X  4 13  -7.968729   0.000000 398.260000 0.0 1.0 0.0 50.0 1.5
398 -1 16 X  4 14  -4.868729   0.000000 398.260000 0.0 1.0 0.0 50.0 1.5
399 -1 16 X  4 15  -1.768729   0.000000 398.260000 0.0 1.0 0.0 50.0 1.5
400 -1 16 X  4 16   1.331271   0.000000 398.260000 0.0 1.0 0.0 50.0 1.5
401 -1 16 X  4 17   4.431271   0.000000 398.260000 0.0 1.0 0.0 50.0 1.5
402 -1 16 X  4 18   7.531271   0.000000 398.260000 0.0 1.0 0.0 50.0 1.5
403 -1 16 X  4 19  10.631271   0.000000 398.260000 0.0 1.0 0.0 50.0 1.5
404 -1 16 X  4 20  13.731271   0.000000 398.260000 0.0 1.0 0.0 50.0 1.5
405 -1 16 X  4 21  16.831271   0.000000 398.260000 0.0 1.0 0.0 50.0 1.5
406 -1 16 X  4 22  19.931271   0.000000 398.260000 0.0 1.0 0.0 50.0 1.5
407 -1 16 X  4 23  23.031271   0.000000 398.260000 0.0 1.0 0.0 50.0 1.5
408 -1 16 X  4 24  26.131271   0.000000 398.260000 0.0 1.0 0.0 50.0 1.5
409 -1 16 X  4 25  29.231271   0.000000 398.260000 0.0 1.0 0.0 50.0 1.5
410 -1 16 X  4 26  32.331271   0.000000 398.260000 0.0 1.0 0.0 50.0 1.5
411 -1 16 X  4 27  35.431271   0.000000 398.260000 0.0 1.0 0.0 50.0 1.5
412 -1 16 X  4 28  38.531271   0.000000 398.260000 0.0 1.0 0.0 50.0 1.5
413 -1 16 X  4 29  41.631271   0.000000 398.260000 0.0 1.0 0.0 50.0 1.5
414 -1 16 X  4 30  44.731271   0.000000 398.260000 0.0 1.0 0.0 50.0 1.5
415 -1 16 X  4 31  47.831271   0.000000 398.260000 0.0 1.0 0.0 50.0 1.5
416 -1 17 XP 4  0 -49.818729   0.000000 400.960000 0.0 1.0 0.0 50.0 1.5
417 -1 17 XP 4  1 -46.718729   0.000000 400.960000 0.0 1.0 0.0 50.0 1.5
418 -1 17 XP 4  2 -43.618729   0.000000 400.960000 0.0 1.0 0.0 50.0 1.5
419 -1 17 XP 4  3 -40.518729   0.000000 400.960000 0.0 1.0 0.0 50.0 1.5
420 -1 17 XP 4  4 -37.418729   0.000000 400.960000 0.0 1.0 0.0 50.0 1.5
421 -1 17 XP 4  5 -34.318729   0.000000 400.960000 0.0 1.0 0.0 50.0 1.5
422 -1 17 XP 4  6 -31.218729   0.000000 400.960000 0.0 1.0 0.0 50.0 1.5
423 -1 17 XP 4  7 -28.118729   0.000000 400.960000 0.0 1.0 0.0 50.0 1.5
424 -1 17 XP 4  8 -25.018729   0.000000 400.960000 0.0 1.0 0.0 50.0 1.5
425 -1 17 XP 4  9 -21.918729   0.000000 400.960000 0.0 1.0 0.0 50.0 1.5
426 -1 17 XP 4 10 -18.818729   0.000000 400.960000 0.0 1.0 0.0 50.0 1.5
427 -1 17 XP 4 11 -15.718729   0.000000 400.960000 0.0 1.0 0.0 50.0 1.5
428 -1 17 XP 4 12 -12.618729   0.000000 400.960000 0.0 1.0 0.0 50.0 1.5
429 -1 17 XP 4 13  -9.518729   0.000000 400.960000 0.0 1.0 0.0 50.0 1.5
430 -1 17 XP 4 14  -6.418729   0.000000 400.960000 0.0 1.0 0.0 50.0 1.5
431 -1 17 XP 4 15  -3.318729   0.000000 400.960000 0.0 1.0 0.0 50.0 1.5
432 -1 17 XP 4 16  -0.218729   0.000000 400.960000 0.0 1.0 0.0 50.0 1.5
433 -1 17 XP 4 17   2.881271   0.000000 400.960000 0.0 1.0 0.0 50.0 1.5
434 -1 17 XP 4 18   5.981271   0.000000 400.960000 0.0 1.0 0.0 50.0 1.5
435 -1 17 XP 4 19   9.081271   0.000000 400.960000 0.0 1.0 0.0 50.0 1.5
436 -1 17 XP 4 20  12.181271   0.000000 400.960000 0.0 1.0 0.0 50.0 1.5
437 -1 17 XP 4 21  15.281271   0.000000 400.960000 0.0 1.0 0.0 50.0 1.5
438 -1 17 XP 4 22  18.381271   0.000000 400.960000 0.0 1.0 0.0 50.0 1.5
439 -1 17 XP 4 23  21.481271   0.000000 400.960000 0.0 1.0 0.0 50.0 1.5
440 -1 17 XP 4 24  24.581271   0.000000 400.960000 0.0 1.0 0.0 50.0 1.5
441 -1 17 XP 4 25  27.681271   0.000000 400.960000 0.0 1.0 0.0 50.0 1.5
442 -1 17 XP 4 26  30.781271   0.000000 400.960000 0.0 1.0 0.0 50.0 1.5
443 -1 17 XP 4 27  33.881271   0.000000 400.960000 0.0 1.0 0.0 50.0 1.5
444 -1 17 XP 4 28  36.981271   0.000000 400.960000 0.0 1.0 0.0 50.0 1.5
445 -1 17 XP 4 29  40.081271   0.000000 400.960000 0.0 1.0 0.0 50.0 1.5
446 -1 17 XP 4 30  43.181271   0.000000 400.960000 0.0 1.0 0.0 50.0 1.5
447 -1 17 XP 4 31  46.281271   0.000000 400.960000 0.0 1.0 0.0 50.0 1.5
448 -1 18 Y  4  0   0.000000 -23.582233 404.060000 1.0 0.0 0.0 100.0 1.5
449 -1 18 Y  4  1   0.000000 -20.482233 404.060000 1.0 0.0 0.0 100.0 1.5
450 -1 18 Y  4  2   0.000000 -17.382233 404.060000 1.0 0.0 0.0 100.0 1.5
451 -1 18 Y  4  3   0.000000 -14.282233 404.060000 1.0 0.0 0.0 100.0 1.5
452 -1 18 Y  4  4   0.000000 -11.182233 404.060000 1.0 0.0 0.0 100.0 1.5
453 -1 18 Y  4  5   0.000000  -8.082233 404.060000 1.0 0.0 0.0 100.0 1.5
454 -1 18 Y  4  6   0.000000  -4.982233 404.060000 1.0 0.0 0.0 100.0 1.5
455 -1 18 Y  4  7   0.000000  -1.882233 404.060000 1.0 0.0 0.0 100.0 1.5
456 -1 18 Y  4  8   0.000000   1.217767 404.060000 1.0 0.0 0.0 100.0 1.5
457 -1 18 Y  4  9   0.000000   4.317767 404.060000 1.0 0.0 0.0 100.0 1.5
458 -1 18 Y  4 10   0.000000   7.417767 404.060000 1.0 0.0 0.0 100.0 1.5
459 -1 18 Y  4 11   0.000000  10.517767 404.060000 1.0 0.0 0.0 100.0 1.5
460 -1 18 Y  4 12   0.000000  13.617767 404.060000 1.0 0.0 0.0 100.0 1.5
461 -1 18 Y  4 13   0.000000  16.717767 404.060000 1.0 0.0 0.0 100.0 1.5
462 -1 18 Y  4 14   0.000000  19.817767 404.060000 1.0 0.0 0.0 100.0 1.5
463 -1 18 Y  4 15   0.000000  22.917767 404.060000 1.0 0.0 0.0 100.0 1.5
464 -1 19 YP 4  0   0.000000 -25.132233 406.760000 1.0 0.0 0.0 100.0 1.5
465 -1 19 YP 4  1   0.000000 -22.032233 406.760000 1.0 0.0 0.0 100.0 1.5
466 -1 19 YP 4  2   0.000000 -18.932233 406.760000 1.0 0.0 0.0 100.0 1.5
467 -1 19 YP 4  3   0.000000 -15.832233 406.760000 1.0 0.0 0.0 100.0 1.5
468 -1 19 YP 4  4   0.000000 -12.732233 406.760000 1.0 0.0 0.0 100.0 1.5
469 -1 19 YP 4  5   0.000000  -9.632233 406.760000 1.0 0.0 0.0 100.0 1.5
470 -1 19 YP 4  6   0.000000  -6.532233 406.760000 1.0 0.0 0.0 100.0 1.5
471 -1 19 YP 4  7   0.000000  -3.432233 406.760000 1.0 0.0 0.0 100.0 1.5
472 -1 19 YP 4  8   0.000000  -0.332233 406.760000 1.0 0.0 0.0 100.0 1.5
473 -1 19 YP 4  9   0.000000   2.767767 406.760000 1.0 0.0 0.0 100.0 1.5
474 -1 19 YP 4 10   0.000000   5.867767 406.760000 1.0 0.0 0.0 100.0 1.5
475 -1 19 YP 4 11   0.000000   8.967767 406.760000 1.0 0.0 0.0 100.0 1.5
476 -1 19 YP 4 12   0.000000  12.067767 406.760000 1.0 0.0 0.0 100.0 1.5
477 -1 19 YP 4 13   0.000000  15.167767 406.760000 1.0 0.0 0.0 100.0 1.5
478 -1 19 YP 4 14   0.000000  18.267767 406.760000 1.0 0.0 0.0 100.0 1.5
479 -1 19 YP 4 15   0.000000  21.367767 406.760000 1.0 0.0 0.0 100.0 1.5
480 -1 20 X  5  0 -48.268729   0.000000 409.860000 0.0 1.0 0.0 50.0 1.5
481 -1 20 X  5  1 -45.168729   0.000000 409.860000 0.0 1.0 0.0 50.0 1.5
482 -1 20 X  5  2 -42.068729   0.000000 409.860000 0.0 1.0 0.0 50.0 1.5
483 -1 20 X  5  3 -38.968729   0.000000 409.860000 0.0 1.0 0.0 50.0 1.5
484 -1 20 X  5  4 -35.868729   0.000000 409.860000 0.0 1.0 0.0 50.0 1.5
485 -1 20 X  5  5 -32.768729   0.000000 409.860000 0.0 1.0 0.0 50.0 1.5
486 -1 20 X  5  6 -29.668729   0.000000 409.860000 0.0 1.0 0.0 50.0 1.5
487 -1 20 X  5  7 -26.568729   0.000000 409.860000 0.0 1.0 0.0 50.0 1.5
488 -1 20 X  5  8 -23.468729   0.000000 409.860000 0.0 1.0 0.0 50.0 1.5
489 -1 20 X  5  9 -20.368729   0.000000 409.860000 0.0 1.0 0.0 50.0 1.5
490 -1 20 X  5 10 -17.268729   0.000000 409.860000 0.0 1.0 0.0 50.0 1.5
491 -1 20 X  5 11 -14.168729   0.000000 409.860000 0.0 1.0 0.0 50.0 1.5
492 -1 20 X  5 12 -11.068729   0.000000 409.860000 0.0 1.0 0.0 50.0 1.5
493 -1 20 X  5 13  -7.968729   0.000000 409.860000 0.0 1.0 0.0 50.0 1.5
494 -1 20 X  5 14  -4.868729   0.000000 409.860000 0.0 1.0 0.0 50.0 1.5
495 -1 20 X  5 15  -1.768729   0.000000 409.860000 0.0 1.0 0.0 50.0 1.5
496 -1 20 X  5 16   1.331271   0.000000 409.860000 0.0 1.0 0.0 50.0 1.5
497 -1 20 X  5 17   4.431271   0.000000 409.860000 0.0 1.0 0.0 50.0 1.5
498 -1 20 X  5 18   7.531271   0.000000 409.860000 0.0 1.0 0.0 50.0 1.5
499 -1 20 X  5 19  10.631271   0.000000 409.860000 0.0 1.0 0.0 50.0 1.5
500 -1 20 X  5 20  13.731271   0.000000 409.860000 0.0 1.0 0.0 50.0 1.5
501 -1 20 X  5 21  16.831271   0.000000 409.860000 0.0 1.0 0.0 50.0 1.5
502 -1 20 X  5 22  19.931271   0.000000 409.860000 0.0 1.0 0.0 50.0 1.5
503 -1 20 X  5 23  23.031271   0.000000 409.860000 0.0 1.0 0.0 50.0 1.5
504 -1 20 X  5 24  26.131271   0.000000 409.860000 0.0 1.0 0.0 50.0 1.5
505 -1 20 X  5 25  29.231271   0.000000 409.860000 0.0 1.0 0.0 50.0 1.5
506 -1 20 X  5 26  32.331271   0.000000 409.860000 0.0 1.0 0.0 50.0 1.5
507 -1 20 X  5 27  35.431271   0.000000 409.860000 0.0 1.0 0.0 50.0 1.5
508 -1 20 X  5 28  38.531271   0.000000 409.860000 0.0 1.0 0.0 50.0 1.5
509 -1 20 X  5 29  41.631271   0.000000 409.860000 0.0 1.0 0.0 50.0 1.5
510 -1 20 X  5 30  44.731271   0.000000 409.860000 0.0 1.0 0.0 50.0 1.5
511 -1 20 X  5 31  47.831271   0.000000 409.860000 0.0 1.0 0.0 50.0 1.5
512 -1 21 XP 5  0 -49.818729   0.000000 412.560000 0.0 1.0 0.0 50.0 1.5
513 -1 21 XP 5  1 -46.718729   0.000000 412.560000 0.0 1.0 0.0 50.0 1.5
514 -1 21 XP 5  2 -43.618729   0.000000 412.560000 0.0 1.0 0.0 50.0 1.5
515 -1 21 XP 5  3 -40.518729   0.000000 412.560000 0.0 1.0 0.0 50.0 1.5
516 -1 21 XP 5  4 -37.418729   0.000000 412.560000 0.0 1.0 0.0 50.0 1.5
517 -1 21 XP 5  5 -34.318729   0.000000 412.560000 0.0 1.0 0.0 50.0 1.5
518 -1 21 XP 5  6 -31.218729   0.000000 412.560000 0.0 1.0 0.0 50.0 1.5
519 -1 21 XP 5  7 -28.118729   0.000000 412.560000 0.0 1.0 0.0 50.0 1.5
520 -1 21 XP 5  8 -25.018729   0.000000 412.560000 0.0 1.0 0.0 50.0 1.5
521 -1 21 XP 5  9 -21.918729   0.000000 412.560000 0.0 1.0 0.0 50.0 1.5
522 -1 21 XP 5 10 -18.818729   0.000000 412.560000 0.0 1.0 0.0 50.0 1.5
523 -1 21 XP 5 11 -15.718729   0.000000 412.560000 0.0 1.0 0.0 50.0 1.5
524 -1 21 XP 5 12 -12.618729   0.000000 412.560000 0.0 1.0 0.0 50.0 1.5
525 -1 21 XP 5 13  -9.518729   0.000000 412.560000 0.0 1.0 0.0 50.0 1.5
526 -1 21 XP 5 14  -6.418729   0.000000 412.560000 0.0 1.0 0.0 50.0 1.5
527 -1 21 XP 5 15  -3.318729   0.000000 412.560000 0.0 1.0 0.0 50.0 1.5
528 -1 21 XP 5 16  -0.218729   0.000000 412.560000 0.0 1.0 0.0 50.0 1.5
529 -1 21 XP 5 17   2.881271   0.000000 412.560000 0.0 1.0 0.0 50.0 1.5
530 -1 21 XP 5 18   5.981271   0.000000 412.560000 0.0 1.0 0.0 50.0 1.5
531 -1 21 XP 5 19   9.081271   0.000000 412.560000 0.0 1.0 0.0 50.0 1.5
532 -1 21 XP 5 20  12.181271   0.000000 412.560000 0.0 1.0 0.0 50.0 1.5
533 -1 21 XP 5 21  15.281271   0.000000 412.560000 0.0 1.0 0.0 50.0 1.5
534 -1 21 XP 5 22  18.381271   0.000000 412.560000 0.0 1.0 0.0 50.0 1.5
535 -1 21 XP 5 23  21.481271   0.000000 412.560000 0.0 1.0 0.0 50.0 1.5
536 -1 21 XP 5 24  24.581271   0.000000 412.560000 0.0 1.0 0.0 50.0 1.5
537 -1 21 XP 5 25  27.681271   0.000000 412.560000 0.0 1.0 0.0 50.0 1.5
538 -1 21 XP 5 26  30.781271   0.000000 412.560000 0.0 1.0 0.0 50.0 1.5
539 -1 21 XP 5 27  33.881271   0.000000 412.560000 0.0 1.0 0.0 50.0 1.5
540 -1 21 XP 5 28  36.981271   0.000000 412.560000 0.0 1.0 0.0 50.0 1.5
541 -1 21 XP 5 29  40.081271   0.000000 412.560000 0.0 1.0 0.0 50.0 1.5
542 -1 21 XP 5 30  43.181271   0.000000 412.560000 0.0 1.0 0.0 50.0 1.5
543 -1 21 XP 5 31  46.281271   0.000000 412.560000 0.0 1.0 0.0 50.0 1.5
544 -1 22 Y  5  0   0.000000 -23.582233 415.660000 1.0 0.0 0.0 100.0 1.5
545 -1 22 Y  5  1   0.000000 -20.482233 415.660000 1.0 0.0 0.0 100.0 1.5
546 -1 22 Y  5  2   0.000000 -17.382233 415.660000 1.0 0.0 0.0 100.0 1.5
547 -1 22 Y  5  3   0.000000 -14.282233 415.660000 1.0 0.0 0.0 100.0 1.5
548 -1 22 Y  5  4   0.000000 -11.182233 415.660000 1.0 0.0 0.0 100.0 1.5
549 -1 22 Y  5  5   0.000000  -8.082233 415.660000 1.0 0.0 0.0 100.0 1.5
550 -1 22 Y  5  6   0.000000  -4.982233 415.660000 1.0 0.0 0.0 100.0 1.5
551 -1 22 Y  5  7   0.000000  -1.882233 415.660000 1.0 0.0 0.0 100.0 1.5
552 -1 22 Y  5  8   0.000000   1.217767 415.660000 1.0 0.0 0.0 100.0 1.5
553 -1 22 Y  5  9   0.000000   4.317767 415.660000 1.0 0.0 0.0 100.0 1.5
554 -1 22 Y  5 10   0.000000   7.417767 415.660000 1.0 0.0 0.0 100.0 1.5
555 -1 22 Y  5 11   0.000000  10.517767 415.660000 1.0 0.0 0.0 100.0 1.5
556 -1 22 Y  5 12   0.000000  13.617767 415.660000 1.0 0.0 0.0 100.0 1.5
557 -1 22 Y  5 13   0.000000  16.717767 415.660000 1.0 0.0 0.0 100.0 1.5
558 -1 22 Y  5 14   0.000000  19.817767 415.660000 1.0 0.0 0.0 100.0 1.5
559 -1 22 Y  5 15   0.000000  22.917767 415.660000 1.0 0.0 0.0 100.0 1.5
560 -1 23 YP 5  0   0.000000 -25.132233 418.360000 1.0 0.0 0.0 100.0 1.5
561 -1 23 YP 5  1   0.000000 -22.032233 418.360000 1.0 0.0 0.0 100.0 1.5
562 -1 23 YP 5  2   0.000000 -18.932233 418.360000 1.0 0.0 0.0 100.0 1.5
563 -1 23 YP 5  3   0.000000 -15.832233 418.360000 1.0 0.0 0.0 100.0 1.5
564 -1 23 YP 5  4   0.000000 -12.732233 418.360000 1.0 0.0 0.0 100.0 1.5
565 -1 23 YP 5  5   0.000000  -9.632233 418.360000 1.0 0.0 0.0 100.0 1.5
566 -1 23 YP 5  6   0.000000  -6.532233 418.360000 1.0 0.0 0.0 100.0 1.5
567 -1 23 YP 5  7   0.000000  -3.432233 418.360000 1.0 0.0 0.0 100.0 1.5
568 -1 23 YP 5  8   0.000000  -0.332233 418.360000 1.0 0.0 0.0 100.0 1.5
569 -1 23 YP 5  9   0.000000   2.767767 418.360000 1.0 0.0 0.0 100.0 1.5
570 -1 23 YP 5 10   0.000000   5.867767 418.360000 1.0 0.0 0.0 100.0 1.5
571 -1 23 YP 5 11   0.000000   8.967767 418.360000 1.0 0.0 0.0 100.0 1.5
572 -1 23 YP 5 12   0.000000  12.067767 418.360000 1.0 0.0 0.0 100.0 1.5
573 -1 23 YP 5 13   0.000000  15.167767 418.360000 1.0 0.0 0.0 100.0 1.5
574 -1 23 YP 5 14   0.000000  18.267767 418.360000 1.0 0.0 0.0 100.0 1.5
575 -1 23 YP 5 15   0.000000  21.367767 418.360000 1.0 0.0 0.0 100.0 1.5
576 -1 24 X  6  0 -48.268729   0.000000 421.460000 0.0 1.0 0.0 50.0 1.5
577 -1 24 X  6  1 -45.168729   0.000000 421.460000 0.0 1.0 0.0 50.0 1.5
578 -1 24 X  6  2 -42.068729   0.000000 421.460000 0.0 1.0 0.0 50.0 1.5
579 -1 24 X  6  3 -38.968729   0.000000 421.460000 0.0 1.0 0.0 50.0 1.5
580 -1 24 X  6  4 -35.868729   0.000000 421.460000 0.0 1.0 0.0 50.0 1.5
581 -1 24 X  6  5 -32.768729   0.000000 421.460000 0.0 1.0 0.0 50.0 1.5
582 -1 24 X  6  6 -29.668729   0.000000 421.460000 0.0 1.0 0.0 50.0 1.5
583 -1 24 X  6  7 -26.568729   0.000000 421.460000 0.0 1.0 0.0 50.0 1.5
584 -1 24 X  6  8 -23.468729   0.000000 421.460000 0.0 1.0 0.0 50.0 1.5
585 -1 24 X  6  9 -20.368729   0.000000 421.460000 0.0 1.0 0.0 50.0 1.5
586 -1 24 X  6 10 -17.268729   0.000000 421.460000 0.0 1.0 0.0 50.0 1.5
587 -1 24 X  6 11 -14.168729   0.000000 421.460000 0.0 1.0 0.0 50.0 1.5
588 -1 24 X  6 12 -11.068729   0.000000 421.460000 0.0 1.0 0.0 50.0 1.5
589 -1 24 X  6 13  -7.968729   0.000000 421.460000 0.0 1.0 0.0 50.0 1.5
590 -1 24 X  6 14  -4.868729   0.000000 421.460000 0.0 1.0 0.0 50.0 1.5
591 -1 24 X  6 15  -1.768729   0.000000 421.460000 0.0 1.0 0.0 50.0 1.5
592 -1 24 X  6 16   1.331271   0.000000 421.460000 0.0 1.0 0.0 50.0 1.5
593 -1 24 X  6 17   4.431271   0.000000 421.460000 0.0 1.0 0.0 50.0 1.5
594 -1 24 X  6 18   7.531271   0.000000 421.460000 0.0 1.0 0.0 50.0 1.5
595 -1 24 X  6 19  10.631271   0.000000 421.460000 0.0 1.0 0.0 50.0 1.5
596 -1 24 X  6 20  13.731271   0.000000 421.460000 0.0 1.0 0.0 50.0 1.5
597 -1 24 X  6 21  16.831271   0.000000 421.460000 0.0 1.0 0.0 50.0 1.5
598 -1 24 X  6 22  19.931271   0.000000 421.460000 0.0 1.0 0.0 50.0 1.5
599 -1 24 X  6 23  23.031271   0.000000 421.460000 0.0 1.0 0.0 50.0 1.5
600 -1 24 X  6 24  26.131271   0.000000 421.460000 0.0 1.0 0.0 50.0 1.5
601 -1 24 X  6 25  29.231271   0.000000 421.460000 0.0 1.0 0.0 50.0 1.5
602 -1 24 X  6 26  32.331271   0.000000 421.460000 0.0 1.0 0.0 50.0 1.5
603 -1 24 X  6 27  35.431271   0.000000 421.460000 0.0 1.0 0.0 50.0 1.5
604 -1 24 X  6 28  38.531271   0.000000 421.460000 0.0 1.0 0.0 50.0 1.5
605 -1 24 X  6 29  41.631271   0.000000 421.460000 0.0 1.0 0.0 50.0 1.5
606 -1 24 X  6 30  44.731271   0.000000 421.460000 0.0 1.0 0.0 50.0 1.5
607 -1 24 X  6 31  47.831271   0.000000 421.460000 0.0 1.0 0.0 50.0 1.5
608 -1 25 XP 6  0 -49.818729   0.000000 424.160000 0.0 1.0 0.0 50.0 1.5
609 -1 25 XP 6  1 -46.718729   0.000000 424.160000 0.0 1.0 0.0 50.0 1.5
610 -1 25 XP 6  2 -43.618729   0.000000 424.160000 0.0 1.0 0.0 50.0 1.5
611 -1 25 XP 6  3 -40.518729   0.000000 424.160000 0.0 1.0 0.0 50.0 1.5
612 -1 25 XP 6  4 -37.418729   0.000000 424.160000 0.0 1.0 0.0 50.0 1.5
613 -1 25 XP 6  5 -34.318729   0.000000 424.160000 0.0 1.0 0.0 50.0 1.5
614 -1 25 XP 6  6 -31.218729   0.000000 424.160000 0.0 1.0 0.0 50.0 1.5
615 -1 25 XP 6  7 -28.118729   0.000000 424.160000 0.0 1.0 0.0 50.0 1.5
616 -1 25 XP 6  8 -25.018729   0.000000 424.160000 0.0 1.0 0.0 50.0 1.5
617 -1 25 XP 6  9 -21.918729   0.000000 424.160000 0.0 1.0 0.0 50.0 1.5
618 -1 25 XP 6 10 -18.818729   0.000000 424.160000 0.0 1.0 0.0 50.0 1.5
619 -1 25 XP 6 11 -15.718729   0.000000 424.160000 0.0 1.0 0.0 50.0 1.5
620 -1 25 XP 6 12 -12.618729   0.000000 424.160000 0.0 1.0 0.0 50.0 1.5
621 -1 25 XP 6 13  -9.518729   0.000000 424.160000 0.0 1.0 0.0 50.0 1.5
622 -1 25 XP 6 14  -6.418729   0.000000 424.160000 0.0 1.0 0.0 50.0 1.5
623 -1 25 XP 6 15  -3.318729   0.000000 424.160000 0.0 1.0 0.0 50.0 1.5
624 -1 25 XP 6 16  -0.218729   0.000000 424.160000 0.0 1.0 0.0 50.0 1.5
625 -1 25 XP 6 17   2.881271   0.000000 424.160000 0.0 1.0 0.0 50.0 1.5
626 -1 25 XP 6 18   5.981271   0.000000 424.160000 0.0 1.0 0.0 50.0 1.5
627 -1 25 XP 6 19   9.081271   0.000000 424.160000 0.0 1.0 0.0 50.0 1.5
628 -1 25 XP 6 20  12.181271   0.000000 424.160000 0.0 1.0 0.0 50.0 1.5
629 -1 25 XP 6 21  15.281271   0.000000 424.160000 0.0 1.0 0.0 50.0 1.5
630 -1 25 XP 6 22  18.381271   0.000000 424.160000 0.0 1.0 0.0 50.0 1.5
631 -1 25 XP 6 23  21.481271   0.000000 424.160000 0.0 1.0 0.0 50.0 1.5
632 -1 25 XP 6 24  24.581271   0.000000 424.160000 0.0 1.0 0.0 50.0 1.5
633 -1 25 XP 6 25  27.681271   0.000000 424.160000 0.0 1.0 0.0 50.0 1.5
634 -1 25 XP 6 26  30.781271   0.000000 424.160000 0.0 1.0 0.0 50.0 1.5
635 -1 25 XP 6 27  33.881271   0.000000 424.160000 0.0 1.0 0.0 50.0 1.5
636 -1 25 XP 6 28  36.981271   0.000000 424.160000 0.0 1.0 0.0 50.0 1.5
637 -1 25 XP 6 29  40.081271   0.000000 424.160000 0.0 1.0 0.0 50.0 1.5
638 -1 25 XP 6 30  43.181271   0.000000 424.160000 0.0 1.0 0.0 50.0 1.5
639 -1 25 XP 6 31  46.281271   0.000000 424.160000 0.0 1.0 0.0 50.0 1.5
640 -1 26 Y  6  0   0.000000 -23.582233 427.260000 1.0 0.0 0.0 100.0 1.5
641 -1 26 Y  6  1   0.000000 -20.482233 427.260000 1.0 0.0 0.0 100.0 1.5
642 -1 26 Y  6  2   0.000000 -17.382233 427.260000 1.0 0.0 0.0 100.0 1.5
643 -1 26 Y  6  3   0.000000 -14.282233 427.260000 1.0 0.0 0.0 100.0 1.5
644 -1 26 Y  6  4   0.000000 -11.182233 427.260000 1.0 0.0 0.0 100.0 1.5
645 -1 26 Y  6  5   0.000000  -8.082233 427.260000 1.0 0.0 0.0 100.0 1.5
646 -1 26 Y  6  6   0.000000  -4.982233 427.260000 1.0 0.0 0.0 100.0 1.5
647 -1 26 Y  6  7   0.000000  -1.882233 427.260000 1.0 0.0 0.0 100.0 1.5
648 -1 26 Y  6  8   0.000000   1.217767 427.260000 1.0 0.0 0.0 100.0 1.5
649 -1 26 Y  6  9   0.000000   4.317767 427.260000 1.0 0.0 0.0 100.0 1.5
650 -1 26 Y  6 10   0.000000   7.417767 427.260000 1.0 0.0 0.0 100.0 1.5
651 -1 26 Y  6 11   0.000000  10.517767 427.260000 1.0 0.0 0.0 100.0 1.5
652 -1 26 Y  6 12   0.000000  13.617767 427.260000 1.0 0.0 0.0 100.0 1.5
653 -1 26 Y  6 13   0.000000  16.717767 427.260000 1.0 0.0 0.0 100.0 1.5
654 -1 26 Y  6 14   0.000000  19.817767 427.260000 1.0 0.0 0.0 100.0 1.5
655 -1 26 Y  6 15   0.000000  22.917767 427.260000 1.0 0.0 0.0 100.0 1.5
656 -1 27 YP 6  0   0.000000 -25.132233 429.960000 1.0 0.0 0.0 100.0 1.5
657 -1 27 YP 6  1   0.000000 -22.032233 429.960000 1.0 0.0 0.0 100.0 1.5
658 -1 27 YP 6  2   0.000000 -18.932233 429.960000 1.0 0.0 0.0 100.0 1.5
659 -1 27 YP 6  3   0.000000 -15.832233 429.960000 1.0 0.0 0.0 100.0 1.5
660 -1 27 YP 6  4   0.000000 -12.732233 429.960000 1.0 0.0 0.0 100.0 1.5
661 -1 27 YP 6  5   0.000000  -9.632233 429.960000 1.0 0.0 0.0 100.0 1.5
662 -1 27 YP 6  6   0.000000  -6.532233 429.960000 1.0 0.0 0.0 100.0 1.5
663 -1 27 YP 6  7   0.000000  -3.432233 429.960000 1.0 0.0 0.0 100.0 1.5
664 -1 27 YP 6  8   0.000000  -0.332233 429.960000 1.0 0.0 0.0 100.0 1.5
665 -1 27 YP 6  9   0.000000   2.767767 429.960000 1.0 0.0 0.0 100.0 1.5
666 -1 27 YP 6 10   0.000000   5.867767 429.960000 1.0 0.0 0.0 100.0 1.5
667 -1 27 YP 6 11   0.000000   8.967767 429.960000 1.0 0.0 0.0 100.0 1.5
668 -1 27 YP 6 12   0.000000  12.067767 429.960000 1.0 0.0 0.0 100.0 1.5
669 -1 27 YP 6 13   0.000000  15.167767 429.960000 1.0 0.0 0.0 100.0 1.5
670 -1 27 YP 6 14   0.000000  18.267767 429.960000 1.0 0.0 0.0 100.0 1.5
671 -1 27 YP 6 15   0.000000  21.367767 429.960000 1.0 0.0 0.0 100.0 1.5
672 -1 28 X  7  0 -48.268729   0.000000 433.060000 0.0 1.0 0.0 50.0 1.5
673 -1 28 X  7  1 -45.168729   0.000000 433.060000 0.0 1.0 0.0 50.0 1.5
674 -1 28 X  7  2 -42.068729   0.000000 433.060000 0.0 1.0 0.0 50.0 1.5
675 -1 28 X  7  3 -38.968729   0.000000 433.060000 0.0 1.0 0.0 50.0 1.5
676 -1 28 X  7  4 -35.868729   0.000000 433.060000 0.0 1.0 0.0 50.0 1.5
677 -1 28 X  7  5 -32.768729   0.000000 433.060000 0.0 1.0 0.0 50.0 1.5
678 -1 28 X  7  6 -29.668729   0.000000 433.060000 0.0 1.0 0.0 50.0 1.5
679 -1 28 X  7  7 -26.568729   0.000000 433.060000 0.0 1.0 0.0 50.0 1.5
680 -1 28 X  7  8 -23.468729   0.000000 433.060000 0.0 1.0 0.0 50.0 1.5
681 -1 28 X  7  9 -20.368729   0.000000 433.060000 0.0 1.0 0.0 50.0 1.5
682 -1 28 X  7 10 -17.268729   0.000000 433.060000 0.0 1.0 0.0 50.0 1.5
683 -1 28 X  7 11 -14.168729   0.000000 433.060000 0.0 1.0 0.0 50.0 1.5
684 -1 28 X  7 12 -11.068729   0.000000 433.060000 0.0 1.0 0.0 50.0 1.5
685 -1 28 X  7 13  -7.968729   0.000000 433.060000 0.0 1.0 0.0 50.0 1.5
686 -1 28 X  7 14  -4.868729   0.000000 433.060000 0.0 1.0 0.0 50.0 1.5
687 -1 28 X  7 15  -1.768729   0.000000 433.060000 0.0 1.0 0.0 50.0 1.5
688 -1 28 X  7 16   1.331271   0.000000 433.060000 0.0 1.0 0.0 50.0 1.5
689 -1 28 X  7 17   4.431271   0.000000 433.060000 0.0 1.0 0.0 50.0 1.5
690 -1 28 X  7 18   7.531271   0.000000 433.060000 0.0 1.0 0.0 50.0 1.5
691 -1 28 X  7 19  10.631271   0.000000 433.060000 0.0 1.0 0.0 50.0 1.5
692 -1 28 X  7 20  13.731271   0.000000 433.060000 0.0 1.0 0.0 50.0 1.5
693 -1 28 X  7 21  16.831271   0.000000 433.060000 0.0 1.0 0.0 50.0 1.5
694 -1 28 X  7 22  19.931271   0.000000 433.060000 0.0 1.0 0.0 50.0 1.5
695 -1 28 X  7 23  23.031271   0.000000 433.060000 0.0 1.0 0.0 50.0 1.5
696 -1 28 X  7 24  26.131271   0.000000 433.060000 0.0 1.0 0.0 50.0 1.5
697 -1 28 X  7 25  29.231271   0.000000 433.060000 0.0 1.0 0.0 50.0 1.5
698 -1 28 X  7 26  32.331271   0.000000 433.060000 0.0 1.0 0.0 50.0 1.5
699 -1 28 X  7 27  35.431271   0.000000 433.060000 0.0 1.0 0.0 50.0 1.5
700 -1 28 X  7 28  38.531271   0.000000 433.060000 0.0 1.0 0.0 50.0 1.5
701 -1 28 X  7 29  41.631271   0.000000 433.060000 0.0 1.0 0.0 50.0 1.5
702 -1 28 X  7 30  44.731271   0.000000 433.060000 0.0 1.0 0.0 50.0 1.5
703 -1 28 X  7 31  47.831271   0.000000 433.060000 0.0 1.0 0.0 50.0 1.5
704 -1 29 XP 7  0 -49.818729   0.000000 435.760000 0.0 1.0 0.0 50.0 1.5
705 -1 29 XP 7  1 -46.718729   0.000000 435.760000 0.0 1.0 0.0 50.0 1.5
706 -1 29 XP 7  2 -43.618729   0.000000 435.760000 0.0 1.0 0.0 50.0 1.5
707 -1 29 XP 7  3 -40.518729   0.000000 435.760000 0.0 1.0 0.0 50.0 1.5
708 -1 29 XP 7  4 -37.418729   0.000000 435.760000 0.0 1.0 0.0 50.0 1.5
709 -1 29 XP 7  5 -34.318729   0.000000 435.760000 0.0 1.0 0.0 50.0 1.5
710 -1 29 XP 7  6 -31.218729   0.000000 435.760000 0.0 1.0 0.0 50.0 1.5
711 -1 29 XP 7  7 -28.118729   0.000000 435.760000 0.0 1.0 0.0 50.0 1.5
712 -1 29 XP 7  8 -25.018729   0.000000 435.760000 0.0 1.0 0.0 50.0 1.5
713 -1 29 XP 7  9 -21.918729   0.000000 435.760000 0.0 1.0 0.0 50.0 1.5
714 -1 29 XP 7 10 -18.818729   0.000000 435.760000 0.0 1.0 0.0 50.0 1.5
715 -1 29 XP 7 11 -15.718729   0.000000 435.760000 0.0 1.0 0.0 50.0 1.5
716 -1 29 XP 7 12 -12.618729   0.000000 435.760000 0.0 1.0 0.0 50.0 1.5
717 -1 29 XP 7 13  -9.518729   0.000000 435.760000 0.0 1.0 0.0 50.0 1.5
718 -1 29 XP 7 14  -6.418729   0.000000 435.760000 0.0 1.0 0.0 50.0 1.5
719 -1 29 XP 7 15  -3.318729   0.000000 435.760000 0.0 1.0 0.0 50.0 1.5
720 -1 29 XP 7 16  -0.218729   0.000000 435.760000 0.0 1.0 0.0 50.0 1.5
721 -1 29 XP 7 17   2.881271   0.000000 435.760000 0.0 1.0 0.0 50.0 1.5
722 -1 29 XP 7 18   5.981271   0.000000 435.760000 0.0 1.0 0.0 50.0 1.5
723 -1 29 XP 7 19   9.081271   0.000000 435.760000 0.0 1.0 0.0 50.0 1.5
724 -1 29 XP 7 20  12.181271   0.000000 435.760000 0.0 1.0 0.0 50.0 1.5
725 -1 29 XP 7 21  15.281271   0.000000 435.760000 0.0 1.0 0.0 50.0 1.5
726 -1 29 XP 7 22  18.381271   0.000000 435.760000 0.0 1.0 0.0 50.0 1.5
727 -1 29 XP 7 23  21.481271   0.000000 435.760000 0.0 1.0 0.0 50.0 1.5
728 -1 29 XP 7 24  24.581271   0.000000 435.760000 0.0 1.0 0.0 50.0 1.5
729 -1 29 XP 7 25  27.681271   0.000000 435.760000 0.0 1.0 0.0 50.0 1.5
730 -1 29 XP 7 26  30.781271   0.000000 435.760000 0.0 1.0 0.0 50.0 1.5
731 -1 29 XP 7 27  33.881271   0.000000 435.760000 0.0 1.0 0.0 50.0 1.5
732 -1 29 XP 7 28  36.981271   0.000000 435.760000 0.0 1.0 0.0 50.0 1.5
733 -1 29 XP 7 29  40.081271   0.000000 435.760000 0.0 1.0 0.0 50.0 1.5
734 -1 29 XP 7 30  43.181271   0.000000 435.760000 0.0 1.0 0.0 50.0 1.5
735 -1 29 XP 7 31  46.281271   0.000000 435.760000 0.0 1.0 0.0 50.0 1.5
736 -1 30 Y  7  0   0.000000 -23.582233 438.860000 1.0 0.0 0.0 100.0 1.5
737 -1 30 Y  7  1   0.000000 -20.482233 438.860000 1.0 0.0 0.0 100.0 1.5
738 -1 30 Y  7  2   0.000000 -17.382233 438.860000 1.0 0.0 0.0 100.0 1.5
739 -1 30 Y  7  3   0.000000 -14.282233 438.860000 1.0 0.0 0.0 100.0 1.5
740 -1 30 Y  7  4   0.000000 -11.182233 438.860000 1.0 0.0 0.0 100.0 1.5
741 -1 30 Y  7  5   0.000000  -8.082233 438.860000 1.0 0.0 0.0 100.0 1.5
742 -1 30 Y  7  6   0.000000  -4.982233 438.860000 1.0 0.0 0.0 100.0 1.5
743 -1 30 Y  7  7   0.000000  -1.882233 438.860000 1.0 0.0 0.0 100.0 1.5
744 -1 30 Y  7  8   0.000000   1.217767 438.860000 1.0 0.0 0.0 100.0 1.5
745 -1 30 Y  7  9   0.000000   4.317767 438.860000 1.0 0.0 0.0 100.0 1.5
746 -1 30 Y  7 10   0.000000   7.417767 438.860000 1.0 0.0 0.0 100.0 1.5
747 -1 30 Y  7 11   0.000000  10.517767 438.860000 1.0 0.0 0.0 100.0 1.5
748 -1 30 Y  7 12   0.000000  13.617767 438.860000 1.0 0.0 0.0 100.0 1.5
749 -1 30 Y  7 13   0.000000  16.717767 438.860000 1.0 0.0 0.0 100.0 1.5
750 -1 30 Y  7 14   0.000000  19.817767 438.860000 1.0 0.0 0.0 100.0 1.5
751 -1 30 Y  7 15   0.000000  22.917767 438.860000 1.0 0.0 0.0 100.0 1.5
752 -1 31 YP 7  0   0.000000 -25.132233 441.560000 1.0 0.0 0.0 100.0 1.5
753 -1 31 YP 7  1   0.000000 -22.032233 441.560000 1.0 0.0 0.0 100.0 1.5
754 -1 31 YP 7  2   0.000000 -18.932233 441.560000 1.0 0.0 0.0 100.0 1.5
755 -1 31 YP 7  3   0.000000 -15.832233 441.560000 1.0 0.0 0.0 100.0 1.5
756 -1 31 YP 7  4   0.000000 -12.732233 441.560000 1.0 0.0 0.0 100.0 1.5
757 -1 31 YP 7  5   0.000000  -9.632233 441.560000 1.0 0.0 0.0 100.0 1.5
758 -1 31 YP 7  6   0.000000  -6.532233 441.560000 1.0 0.0 0.0 100.0 1.5
759 -1 31 YP 7  7   0.000000  -3.432233 441.560000 1.0 0.0 0.0 100.0 1.5
760 -1 31 YP 7  8   0.000000  -0.332233 441.560000 1.0 0.0 0.0 100.0 1.5
761 -1 31 YP 7  9   0.000000   2.767767 441.560000 1.0 0.0 0.0 100.0 1.5
762 -1 31 YP 7 10   0.000000   5.867767 441.560000 1.0 0.0 0.0 100.0 1.5
763 -1 31 YP 7 11   0.000000   8.967767 441.560000 1.0 0.0 0.0 100.0 1.5
764 -1 31 YP 7 12   0.000000  12.067767 441.560000 1.0 0.0 0.0 100.0 1.5
765 -1 31 YP 7 13   0.000000  15.167767 441.560000 1.0 0.0 0.0 100.0 1.5
766 -1 31 YP 7 14   0.000000  18.267767 441.560000 1.0 0.0 0.0 100.0 1.5
767 -1 31 YP 7 15   0.000000  21.367767 441.560000 1.0 0.0 0.0 100.0 1.5
768 -1 32 X  8  0 -48.268729   0.000000 444.660000 0.0 1.0 0.0 50.0 1.5
769 -1 32 X  8  1 -45.168729   0.000000 444.660000 0.0 1.0 0.0 50.0 1.5
770 -1 32 X  8  2 -42.068729   0.000000 444.660000 0.0 1.0 0.0 50.0 1.5
771 -1 32 X  8  3 -38.968729   0.000000 444.660000 0.0 1.0 0.0 50.0 1.5
772 -1 32 X  8  4 -35.868729   0.000000 444.660000 0.0 1.0 0.0 50.0 1.5
773 -1 32 X  8  5 -32.768729   0.000000 444.660000 0.0 1.0 0.0 50.0 1.5
774 -1 32 X  8  6 -29.668729   0.000000 444.660000 0.0 1.0 0.0 50.0 1.5
775 -1 32 X  8  7 -26.568729   0.000000 444.660000 0.0 1.0 0.0 50.0 1.5
776 -1 32 X  8  8 -23.468729   0.000000 444.660000 0.0 1.0 0.0 50.0 1.5
777 -1 32 X  8  9 -20.368729   0.000000 444.660000 0.0 1.0 0.0 50.0 1.5
778 -1 32 X  8 10 -17.268729   0.000000 444.660000 0.0 1.0 0.0 50.0 1.5
779 -1 32 X  8 11 -14.168729   0.000000 444.660000 0.0 1.0 0.0 50.0 1.5
780 -1 32 X  8 12 -11.068729   0.000000 444.660000 0.0 1.0 0.0 50.0 1.5
781 -1 32 X  8 13  -7.968729   0.000000 444.660000 0.0 1.0 0.0 50.0 1.5
782 -1 32 X  8 14  -4.868729   0.000000 444.660000 0.0 1.0 0.0 50.0 1.5
783 -1 32 X  8 15  -1.768729   0.000000 444.660000 0.0 1.0 0.0 50.0 1.5
784 -1 32 X  8 16   1.331271   0.000000 444.660000 0.0 1.0 0.0 50.0 1.5
785 -1 32 X  8 17   4.431271   0.000000 444.660000 0.0 1.0 0.0 50.0 1.5
786 -1 32 X  8 18   7.531271   0.000000 444.660000 0.0 1.0 0.0 50.0 1.5
787 -1 32 X  8 19  10.631271   0.000000 444.660000 0.0 1.0 0.0 50.0 1.5
788 -1 32 X  8 20  13.731271   0.000000 444.660000 0.0 1.0 0.0 50.0 1.5
789 -1 32 X  8 21  16.831271   0.000000 444.660000 0.0 1.0 0.0 50.0 1.5
790 -1 32 X  8 22  19.931271   0.000000 444.660000 0.0 1.0 0.0 50.0 1.5
791 -1 32 X  8 23  23.031271   0.000000 444.660000 0.0 1.0 0.0 50.0 1.5
792 -1 32 X  8 24  26.131271   0.000000 444.660000 0.0 1.0 0.0 50.0 1.5
793 -1 32 X  8 25  29.231271   0.000000 444.660000 0.0 1.0 0.0 50.0 1.5
794 -1 32 X  8 26  32.331271   0.000000 444.660000 0.0 1.0 0.0 50.0 1.5
795 -1 32 X  8 27  35.431271   0.000000 444.660000 0.0 1.0 0.0 50.0 1.5
796 -1 32 X  8 28  38.531271   0.000000 444.660000 0.0 1.0 0.0 50.0 1.5
797 -1 32 X  8 29  41.631271   0.000000 444.660000 0.0 1.0 0.0 50.0 1.5
798 -1 32 X  8 30  44.731271   0.000000 444.660000 0.0 1.0 0.0 50.0 1.5
799 -1 32 X  8 31  47.831271   0.000000 444.660000 0.0 1.0 0.0 50.0 1.5
800 -1 33 XP 8  0 -49.818729   0.000000 447.360000 0.0 1.0 0.0 50.0 1.5
801 -1 33 XP 8  1 -46.718729   0.000000 447.360000 0.0 1.0 0.0 50.0 1.5
802 -1 33 XP 8  2 -43.618729   0.000000 447.360000 0.0 1.0 0.0 50.0 1.5
803 -1 33 XP 8  3 -40.518729   0.000000 447.360000 0.0 1.0 0.0 50.0 1.5
804 -1 33 XP 8  4 -37.418729   0.000000 447.360000 0.0 1.0 0.0 50.0 1.5
805 -1 33 XP 8  5 -34.318729   0.000000 447.360000 0.0 1.0 0.0 50.0 1.5
806 -1 33 XP 8  6 -31.218729   0.000000 447.360000 0.0 1.0 0.0 50.0 1.5
807 -1 33 XP 8  7 -28.118729   0.000000 447.360000 0.0 1.0 0.0 50.0 1.5
808 -1 33 XP 8  8 -25.018729   0.000000 447.360000 0.0 1.0 0.0 50.0 1.5
809 -1 33 XP 8  9 -21.918729   0.000000 447.360000 0.0 1.0 0.0 50.0 1.5
810 -1 33 XP 8 10 -18.818729   0.000000 447.360000 0.0 1.0 0.0 50.0 1.5
811 -1 33 XP 8 11 -15.718729   0.000000 447.360000 0.0 1.0 0.0 50.0 1.5
812 -1 33 XP 8 12 -12.618729   0.000000 447.360000 0.0 1.0 0.0 50.0 1.5
813 -1 33 XP 8 13  -9.518729   0.000000 447.360000 0.0 1.0 0.0 50.0 1.5
814 -1 33 XP 8 14  -6.418729   0.000000 447.360000 0.0 1.0 0.0 50.0 1.5
815 -1 33 XP 8 15  -3.318729   0.000000 447.360000 0.0 1.0 0.0 50.0 1.5
816 -1 33 XP 8 16  -0.218729   0.000000 447.360000 0.0 1.0 0.0 50.0 1.5
817 -1 33 XP 8 17   2.881271   0.000000 447.360000 0.0 1.0 0.0 50.0 1.5
818 -1 33 XP 8 18   5.981271   0.000000 447.360000 0.0 1.0 0.0 50.0 1.5
819 -1 33 XP 8 19   9.081271   0.000000 447.360000 0.0 1.0 0.0 50.0 1.5
820 -1 33 XP 8 20  12.181271   0.000000 447.360000 0.0 1.0 0.0 50.0 1.5
821 -1 33 XP 8 21  15.281271   0.000000 447.360000 0.0 1.0 0.0 50.0 1.5
822 -1 33 XP 8 22  18.381271   0.000000 447.360000 0.0 1.0 0.0 50.0 1.5
823 -1 33 XP 8 23  21.481271   0.000000 447.360000 0.0 1.0 0.0 50.0 1.5
824 -1 33 XP 8 24  24.581271   0.000000 447.360000 0.0 1.0 0.0 50.0 1.5
825 -1 33 XP 8 25  27.681271   0.000000 447.360000 0.0 1.0 0.0 50.0 1.5
826 -1 33 XP 8 26  30.781271   0.000000 447.360000 0.0 1.0 0.0 50.0 1.5
827 -1 33 XP 8 27  33.881271   0.000000 447.360000 0.0 1.0 0.0 50.0 1.5
828 -1 33 XP 8 28  36.981271   0.000000 447.360000 0.0 1.0 0.0 50.0 1.5
829 -1 33 XP 8 29  40.081271   0.000000 447.360000 0.0 1.0 0.0 50.0 1.5
830 -1 33 XP 8 30  43.181271   0.000000 447.360000 0.0 1.0 0.0 50.0 1.5
831 -1 33 XP 8 31  46.281271   0.000000 447.360000 0.0 1.0 0.0 50.0 1.5
832 -1 34 Y  8  0   0.000000 -23.582233 450.460000 1.0 0.0 0.0 100.0 1.5
833 -1 34 Y  8  1   0.000000 -20.482233 450.460000 1.0 0.0 0.0 100.0 1.5
834 -1 34 Y  8  2   0.000000 -17.382233 450.460000 1.0 0.0 0.0 100.0 1.5
835 -1 34 Y  8  3   0.000000 -14.282233 450.460000 1.0 0.0 0.0 100.0 1.5
836 -1 34 Y  8  4   0.000000 -11.182233 450.460000 1.0 0.0 0.0 100.0 1.5
837 -1 34 Y  8  5   0.000000  -8.082233 450.460000 1.0 0.0 0.0 100.0 1.5
838 -1 34 Y  8  6   0.000000  -4.982233 450.460000 1.0 0.0 0.0 100.0 1.5
839 -1 34 Y  8  7   0.000000  -1.882233 450.460000 1.0 0.0 0.0 100.0 1.5
840 -1 34 Y  8  8   0.000000   1.217767 450.460000 1.0 0.0 0.0 100.0 1.5
841 -1 34 Y  8  9   0.000000   4.317767 450.460000 1.0 0.0 0.0 100.0 1.5
842 -1 34 Y  8 10   0.000000   7.417767 450.460000 1.0 0.0 0.0 100.0 1.5
843 -1 34 Y  8 11   0.000000  10.517767 450.460000 1.0 0.0 0.0 100.0 1.5
844 -1 34 Y  8 12   0.000000  13.617767 450.460000 1.0 0.0 0.0 100.0 1.5
845 -1 34 Y  8 13   0.000000  16.717767 450.460000 1.0 0.0 0.0 100.0 1.5
846 -1 34 Y  8 14   0.000000  19.817767 450.460000 1.0 0.0 0.0 100.0 1.5
847 -1 34 Y  8 15   0.000000  22.917767 450.460000 1.0 0.0 0.0 100.0 1.5
848 -1 35 YP 8  0   0.000000 -25.132233 453.160000 1.0 0.0 0.0 100.0 1.5
849 -1 35 YP 8  1   0.000000 -22.032233 453.160000 1.0 0.0 0.0 100.0 1.5
850 -1 35 YP 8  2   0.000000 -18.932233 453.160000 1.0 0.0 0.0 100.0 1.5
851 -1 35 YP 8  3   0.000000 -15.832233 453.160000 1.0 0.0 0.0 100.0 1.5
852 -1 35 YP 8  4   0.000000 -12.732233 453.160000 1.0 0.0 0.0 100.0 1.5
853 -1 35 YP 8  5   0.000000  -9.632233 453.160000 1.0 0.0 0.0 100.0 1.5
854 -1 35 YP 8  6   0.000000  -6.532233 453.160000 1.0 0.0 0.0 100.0 1.5
855 -1 35 YP 8  7   0.000000  -3.432233 453.160000 1.0 0.0 0.0 100.0 1.5
856 -1 35 YP 8  8   0.000000  -0.332233 453.160000 1.0 0.0 0.0 100.0 1.5
857 -1 35 YP 8  9   0.000000   2.767767 453.160000 1.0 0.0 0.0 100.0 1.5
858 -1 35 YP 8 10   0.000000   5.867767 453.160000 1.0 0.0 0.0 100.0 1.5
859 -1 35 YP 8 11   0.000000   8.967767 453.160000 1.0 0.0 0.0 100.0 1.5
860 -1 35 YP 8 12   0.000000  12.067767 453.160000 1.0 0.0 0.0 100.0 1.5
861 -1 35 YP 8 13   0.000000  15.167767 453.160000 1.0 0.0 0.0 100.0 1.5
862 -1 35 YP 8 14   0.000000  18.267767 453.160000 1.0 0.0 0.0 100.0 1.5
863 -1 35 YP 8 15   0.000000  21.367767 453.160000 1.0 0.0 0.0 100.0 1.5
